1.000000     0.000000
0.980000     718.266851
0.970000     -666.735032
0.960000     -277.933162
0.950000     -289.035230
0.940000     -235.211441
0.930000     -235.119563
0.920000     -243.147791
0.910000     -256.107757
0.900000     -315.409829
0.890000     -284.871426
0.880000     -283.975104
0.870000     -290.495018
0.860000     -302.081073
0.850000     -320.646353
0.840000     -347.640996
0.830000     -432.594534
0.820000     -348.509774
0.810000     -344.399966
0.800000     -338.989976
0.790000     -338.415456
0.780000     -339.818465
0.770000     -342.720559
0.760000     -346.624848
0.750000     -351.563979
0.740000     -355.556018
0.730000     -361.841752
0.720000     -350.353627
0.710000     -380.109635
0.700000     -399.495453
0.690000     -419.894180
0.680000     -443.915554
0.670000     -478.701972
0.660000     -564.388777
0.650000     -482.083098
0.640000     -479.373986
0.630000     -476.789335
0.620000     -477.892058
0.610000     -482.608160
0.600000     -487.847499
0.590000     -495.994405
0.580000     -504.636926
0.570000     -514.556761
0.560000     -527.729958
0.550000     -542.222295
0.540000     -561.116559
0.530000     -583.562901
0.520000     -624.114791
0.510000     -701.652890
0.500000     -621.861919
0.490000     -619.455366
0.480000     -618.528586
0.470000     -622.273229
0.460000     -629.198295
0.450000     -640.313985
0.440000     -653.323577
0.430000     -673.125826
0.420000     -705.589291
0.410000     -706.246227
0.400000     -727.506260
0.390000     -794.180660
0.380000     -818.599163
0.370000     -763.937763
0.360000     -765.176851
0.350000     -772.235324
0.340000     -787.362310
0.330000     -822.170498
0.320000     -871.286481
0.310000     -829.012321
0.300000     -843.208625
0.290000     -858.467619
0.280000     -964.885332
0.270000     -893.492751
0.260000     -881.313621
0.250000     -885.063862
0.240000     -898.413551
0.230000     -922.906890
0.220000     -954.476980
0.210000     -1070.395171
0.200000     -1084.235230
0.190000     -1023.454676
0.180000     -1092.814343
0.170000     -1083.744819
0.160000     -1046.124416
0.150000     -1065.191162
0.140000     -1095.922262
0.130000     -1245.357393
0.120000     -1250.650627
0.110000     -1282.878889
0.100000     -1214.093486
0.090000     -1375.190840
0.080000     -1355.288262
0.070000     -1338.372138
0.060000     -1431.855746
0.050000     -1568.742248
0.040000     -1556.878527
0.030000     -1717.878578
0.020000     -1721.157878
0.010000     -1739.924104
0.000000     -1847.117303
0.010000     957.668027
0.020000     561.792341
0.030000     623.108675
0.040000     494.851531
0.050000     364.380505
0.060000     326.646784
0.070000     271.054937
0.080000     240.280857
0.090000     229.322960
0.100000     172.350881
0.110000     199.905432
0.120000     179.877478
0.130000     137.305719
0.140000     102.028451
0.150000     124.153993
0.160000     81.038887
0.170000     72.651743
0.180000     104.293318
0.190000     101.597309
0.200000     96.862270
0.210000     72.815983
0.220000     73.112643
0.230000     72.641858
0.240000     45.156126
0.250000     20.768995
0.260000     68.258971
0.270000     74.063192
0.280000     78.745267
0.290000     80.537029
0.300000     81.087320
0.310000     75.837114
0.320000     68.106861
0.330000     51.670579
0.340000     6.707960
0.350000     65.940414
0.360000     74.930998
0.370000     83.848093
0.380000     90.799961
0.390000     97.784474
0.400000     112.674930
0.410000     94.034222
0.420000     87.755553
0.430000     80.795857
0.440000     28.210472
0.450000     70.927755
0.460000     91.787081
0.470000     103.050928
0.480000     112.134452
0.490000     121.372830
0.500000     128.918820
0.510000     153.541982
0.520000     147.279900
0.530000     129.753535
0.540000     122.146427
0.550000     100.674648
0.560000     76.998251
0.570000     126.142585
0.580000     137.943301
0.590000     150.602493
0.600000     161.305776
0.610000     173.873691
0.620000     188.939780
0.630000     233.883442
0.640000     190.112287
0.650000     186.296097
0.660000     181.692750
0.670000     178.365831
0.680000     175.995292
0.690000     173.261894
0.700000     168.942730
0.710000     165.160607
0.720000     128.545527
0.730000     151.302087
0.740000     178.438576
0.750000     190.744685
0.760000     201.298522
0.770000     210.862584
0.780000     220.045539
0.790000     228.970859
0.800000     238.702006
0.810000     248.202135
0.820000     258.512239
0.830000     269.719453
0.840000     282.099771
0.850000     296.980692
0.860000     316.044764
0.870000     334.251304
0.880000     427.405024
0.890000     349.821932
0.900000     343.896856
0.910000     339.260440
0.920000     340.963076
0.930000     345.901508
0.940000     354.482074
0.950000     367.837629
0.960000     385.811587
0.970000     417.008037
0.980000     466.124894
