1.000000     0.000000
0.980000     151.107505
0.970000     56.778615
0.960000     42.769509
0.950000     11.602651
0.940000     14.268446
0.930000     4.667167
0.920000     -4.159592
0.910000     -13.857908
0.900000     -23.224670
0.890000     -43.190232
0.880000     -41.285502
0.870000     -46.175364
0.860000     -52.499939
0.850000     -59.779776
0.840000     -68.240861
0.830000     -81.009966
0.820000     -98.778087
0.810000     -87.051630
0.800000     -90.293742
0.790000     -93.386200
0.780000     -97.444148
0.770000     -101.930538
0.760000     -106.751589
0.750000     -111.829979
0.740000     -116.935670
0.730000     -122.613531
0.720000     -122.048788
0.710000     -136.747924
0.700000     -148.842721
0.690000     -175.343814
0.680000     -175.426951
0.670000     -171.780149
0.660000     -176.158668
0.650000     -181.646806
0.640000     -185.619792
0.630000     -197.025925
0.620000     -208.817095
0.610000     -243.957610
0.600000     -227.933541
0.590000     -231.409279
0.580000     -237.238018
0.570000     -246.230084
0.560000     -255.682931
0.550000     -264.803251
0.540000     -296.805515
0.530000     -288.735899
0.520000     -289.143683
0.510000     -296.492567
0.500000     -310.495392
0.490000     -324.527978
0.480000     -325.385580
0.470000     -350.726512
0.460000     -355.936102
0.450000     -350.769216
0.440000     -359.771269
0.430000     -374.021933
0.420000     -407.264613
0.410000     -391.221585
0.400000     -410.451808
0.390000     -425.569761
0.380000     -416.498145
0.370000     -427.699869
0.360000     -441.777436
0.350000     -496.554596
0.340000     -466.045617
0.330000     -499.845881
0.320000     -489.430951
0.310000     -499.631106
0.300000     -558.846893
0.290000     -559.165797
0.280000     -521.768338
0.270000     -523.295961
0.260000     -547.709136
0.250000     -533.857652
0.240000     -544.322444
0.230000     -561.669549
0.220000     -584.772824
0.210000     -671.812109
0.200000     -683.249940
0.190000     -654.414878
0.180000     -650.420788
0.170000     -702.201872
0.160000     -732.892052
0.150000     -697.594385
0.140000     -700.677831
0.130000     -803.487508
0.120000     -779.332850
0.110000     -742.429395
0.100000     -749.949781
0.090000     -921.245124
0.080000     -830.889453
0.070000     -788.340845
0.060000     -898.253847
0.050000     -958.821949
0.040000     -878.036000
0.030000     -1019.297018
0.020000     -991.387480
0.010000     -952.924110
0.000000     -773.902141
0.010000     -995.143352
0.020000     244.349206
0.030000     301.657817
0.040000     294.477251
0.050000     276.994992
0.060000     264.806491
0.070000     244.884761
0.080000     229.408976
0.090000     218.599497
0.100000     202.913700
0.110000     192.458398
0.120000     183.522651
0.130000     170.827122
0.140000     163.459092
0.150000     161.315601
0.160000     151.525942
0.170000     146.090423
0.180000     143.044822
0.190000     136.663050
0.200000     130.248480
0.210000     110.123225
0.220000     116.975752
0.230000     116.033288
0.240000     110.576448
0.250000     106.242427
0.260000     107.886325
0.270000     105.201572
0.280000     101.731031
0.290000     98.202316
0.300000     83.220263
0.310000     92.571435
0.320000     91.199961
0.330000     88.470180
0.340000     83.263411
0.350000     87.634712
0.360000     86.745556
0.370000     85.656344
0.380000     83.812111
0.390000     79.442685
0.400000     75.234421
0.410000     80.041724
0.420000     79.530957
0.430000     78.853981
0.440000     73.043942
0.450000     77.064073
0.460000     78.425305
0.470000     78.684722
0.480000     78.687862
0.490000     78.204067
0.500000     77.578024
0.510000     74.536795
0.520000     76.054666
0.530000     76.412848
0.540000     76.100614
0.550000     74.002842
0.560000     71.531861
0.570000     76.490278
0.580000     77.444811
0.590000     78.394226
0.600000     79.111484
0.610000     79.758132
0.620000     80.734884
0.630000     81.914859
0.640000     80.259409
0.650000     79.905909
0.660000     79.301077
0.670000     76.519419
0.680000     76.475726
0.690000     80.802377
0.700000     82.235656
0.710000     83.778149
0.720000     85.299405
0.730000     87.180209
0.740000     88.950604
0.750000     98.878748
0.760000     89.884174
0.770000     88.783297
0.780000     87.680732
0.790000     86.873677
0.800000     86.163970
0.810000     85.650433
0.820000     81.065843
0.830000     85.171692
0.840000     87.841444
0.850000     89.625100
0.860000     91.270889
0.870000     93.096034
0.880000     95.060402
0.890000     97.305635
0.900000     99.950046
0.910000     103.372534
0.920000     107.244087
0.930000     119.260694
0.940000     120.162386
0.950000     113.273959
0.960000     115.821032
0.970000     119.223172
0.980000     116.935945
