1.000000     0.001000
0.980000     0.000668
0.970000     0.000873
0.960000     0.000897
0.950000     0.000930
0.940000     0.000956
0.930000     0.001006
0.920000     0.000999
0.910000     0.001014
0.900000     0.001028
0.890000     0.001057
0.880000     0.001056
0.870000     0.001064
0.860000     0.001074
0.850000     0.001085
0.840000     0.001096
0.830000     0.001108
0.820000     0.001121
0.810000     0.001135
0.800000     0.001148
0.790000     0.001187
0.780000     0.001177
0.770000     0.001176
0.760000     0.001181
0.750000     0.001188
0.740000     0.001194
0.730000     0.001202
0.720000     0.001199
0.710000     0.001221
0.700000     0.001237
0.690000     0.001254
0.680000     0.001271
0.670000     0.001320
0.660000     0.001294
0.650000     0.001302
0.640000     0.001308
0.630000     0.001321
0.620000     0.001335
0.610000     0.001351
0.600000     0.001385
0.590000     0.001397
0.580000     0.001389
0.570000     0.001404
0.560000     0.001411
0.550000     0.001421
0.540000     0.001436
0.530000     0.001464
0.520000     0.001489
0.510000     0.001477
0.500000     0.001499
0.490000     0.001513
0.480000     0.001509
0.470000     0.001522
0.460000     0.001541
0.450000     0.001584
0.440000     0.001567
0.430000     0.001588
0.420000     0.001628
0.410000     0.001600
0.400000     0.001611
0.390000     0.001624
0.380000     0.001673
0.370000     0.001657
0.360000     0.001677
0.350000     0.001742
0.340000     0.001699
0.330000     0.001712
0.320000     0.001753
0.310000     0.001751
0.300000     0.001826
0.290000     0.001812
0.280000     0.001764
0.270000     0.001763
0.260000     0.001768
0.250000     0.001785
0.240000     0.001814
0.230000     0.001817
0.220000     0.001842
0.210000     0.001948
0.200000     0.001946
0.190000     0.001899
0.180000     0.001924
0.170000     0.001972
0.160000     0.001994
0.150000     0.001946
0.140000     0.001967
0.130000     0.002070
0.120000     0.002029
0.110000     0.001990
0.100000     0.002002
0.090000     0.002171
0.080000     0.002064
0.070000     0.002025
0.060000     0.002129
0.050000     0.002166
0.040000     0.002112
0.030000     0.002181
0.020000     0.002127
0.010000     0.002134
0.000000     0.002153
0.010000     0.001566
0.020000     0.000566
0.030000     0.000222
0.040000     0.000012
0.050000     0.000131
0.060000     0.000229
0.070000     0.000314
0.080000     0.000368
0.090000     0.000427
0.100000     0.000476
0.110000     0.000503
0.120000     0.000546
0.130000     0.000580
0.140000     0.000600
0.150000     0.000608
0.160000     0.000626
0.170000     0.000645
0.180000     0.000678
0.190000     0.000682
0.200000     0.000698
0.210000     0.000745
0.220000     0.000728
0.230000     0.000731
0.240000     0.000738
0.250000     0.000747
0.260000     0.000764
0.270000     0.000770
0.280000     0.000773
0.290000     0.000781
0.300000     0.000815
0.310000     0.000792
0.320000     0.000795
0.330000     0.000797
0.340000     0.000802
0.350000     0.000810
0.360000     0.000821
0.370000     0.000815
0.380000     0.000818
0.390000     0.000827
0.400000     0.000836
0.410000     0.000824
0.420000     0.000825
0.430000     0.000825
0.440000     0.000827
0.450000     0.000829
0.460000     0.000838
0.470000     0.000840
0.480000     0.000833
0.490000     0.000834
0.500000     0.000834
0.510000     0.000841
0.520000     0.000837
0.530000     0.000835
0.540000     0.000834
0.550000     0.000835
0.560000     0.000836
0.570000     0.000837
0.580000     0.000848
0.590000     0.000837
0.600000     0.000834
0.610000     0.000831
0.620000     0.000828
0.630000     0.000824
0.640000     0.000828
0.650000     0.000828
0.660000     0.000829
0.670000     0.000829
0.680000     0.000829
0.690000     0.000829
0.700000     0.000829
0.710000     0.000829
0.720000     0.000829
0.730000     0.000829
0.740000     0.000829
0.750000     0.000829
0.760000     0.000829
0.770000     0.000833
0.780000     0.000837
0.790000     0.000826
0.800000     0.000822
0.810000     0.000818
0.820000     0.000815
0.830000     0.000811
0.840000     0.000807
0.850000     0.000801
0.860000     0.000795
0.870000     0.000786
0.880000     0.000754
0.890000     0.000785
0.900000     0.000788
0.910000     0.000790
0.920000     0.000790
0.930000     0.000789
0.940000     0.000786
0.950000     0.000780
0.960000     0.000775
0.970000     0.000772
0.980000     0.000762
