#BB acoustic spectrum: f [Hz]        Spp [Pa^2/Hz]      Spp_u [Pa^2/Hz]     Spp_l [Pa^2/Hz]
5.0000000000e+00     1.7955026875e-12    4.1377531734e-13    1.3817273702e-12
1.0000000000e+01     4.4223010278e-11    1.2136345989e-11    3.2086664288e-11
1.5000000000e+01     5.9530200808e-11    1.7456166874e-12    5.7784584120e-11
2.0000000000e+01     9.1995468788e-10    1.1010859040e-11    9.0894382884e-10
2.5000000000e+01     1.0149120719e-09    5.3969499452e-11    9.6094257241e-10
3.0000000000e+01     2.6816911179e-10    1.4628108642e-11    2.5354100314e-10
3.5000000000e+01     1.1492676358e-08    1.3984924055e-09    1.0094183952e-08
4.0000000000e+01     1.0090666367e-09    3.9499552681e-10    6.1407110991e-10
4.5000000000e+01     8.8333358187e-11    9.5406415012e-12    7.8792716685e-11
5.0000000000e+01     2.2432646816e-08    5.5052568170e-11    2.2377594247e-08
5.5000000000e+01     7.2471768373e-08    5.8230306175e-11    7.2413538067e-08
6.0000000000e+01     1.4125475559e-09    5.8044242222e-10    8.3210513372e-10
6.5000000000e+01     3.4975795341e-10    4.0049071577e-11    3.0970888183e-10
7.0000000000e+01     2.5599700337e-10    4.7694207673e-11    2.0830279569e-10
7.5000000000e+01     2.1812191163e-08    1.1757334940e-08    1.0054856223e-08
8.0000000000e+01     4.1872490117e-10    5.0583597326e-12    4.1366654144e-10
8.5000000000e+01     1.0769542389e-09    7.8652158987e-11    9.9830207991e-10
9.0000000000e+01     3.6138725904e-09    1.5032556050e-09    2.1106169854e-09
9.5000000000e+01     5.5836471874e-10    1.3760257646e-10    4.2076214228e-10
1.0000000000e+02     2.9539361064e-10    1.2330595912e-11    2.8306301472e-10
1.0500000000e+02     1.7824159946e-10    3.4189193367e-11    1.4405240609e-10
1.1000000000e+02     1.2047002715e-09    9.0171472561e-11    1.1145287989e-09
1.1500000000e+02     1.3855047467e-09    3.9691153932e-10    9.8859320734e-10
1.2000000000e+02     1.3372319946e-06    5.4996010291e-07    7.8727189170e-07
1.2500000000e+02     6.6939727785e-10    4.1601556063e-11    6.2779572178e-10
1.3000000000e+02     1.3396130346e-09    5.9828121515e-11    1.2797849131e-09
1.3500000000e+02     2.5102422708e-09    1.9463771426e-11    2.4907784993e-09
1.4000000000e+02     2.8544059603e-09    6.2150408626e-10    2.2329018741e-09
1.4500000000e+02     8.0320006663e-09    5.0028593104e-10    7.5317147353e-09
1.5000000000e+02     5.6765651261e-09    1.8909011390e-11    5.6576561147e-09
1.5500000000e+02     3.0327123011e-10    3.3637292116e-11    2.6963393799e-10
1.6000000000e+02     3.2169359573e-10    2.5721716551e-11    2.9597187918e-10
1.6500000000e+02     4.2665676750e-10    8.6185565649e-11    3.4047120185e-10
1.7000000000e+02     5.9994842417e-10    2.8527935458e-11    5.7142048872e-10
1.7500000000e+02     6.0792392628e-10    1.4851344506e-10    4.5941048122e-10
1.8000000000e+02     7.4057521380e-10    1.8295666600e-10    5.5761854779e-10
1.8500000000e+02     1.2765422696e-09    1.1697601340e-10    1.1595662562e-09
1.9000000000e+02     1.4165075722e-10    3.3377601846e-11    1.0827315537e-10
1.9500000000e+02     4.1997982204e-10    4.3443494636e-11    3.7653632740e-10
2.0000000000e+02     1.0644870892e-09    3.2688249540e-10    7.3760459382e-10
2.0500000000e+02     1.2711408696e-08    3.2672762286e-09    9.4441324670e-09
2.1000000000e+02     3.1126104125e-08    1.4162598994e-08    1.6963505131e-08
2.1500000000e+02     2.2492700903e-09    6.9757088217e-11    2.1795130021e-09
2.2000000000e+02     4.7185054141e-09    2.4738338094e-09    2.2446716047e-09
2.2500000000e+02     5.4829679651e-09    3.5177501123e-10    5.1311929539e-09
2.3000000000e+02     8.0787953235e-10    4.4862699195e-11    7.6301683315e-10
2.3500000000e+02     2.5126174328e-10    4.4764741678e-11    2.0649700161e-10
2.4000000000e+02     4.0393986146e-08    1.6846343003e-09    3.8709351845e-08
2.4500000000e+02     3.4225370348e-09    1.5896698913e-10    3.2635700456e-09
2.5000000000e+02     1.3434961575e-09    1.0476702874e-10    1.2387291287e-09
2.5500000000e+02     1.3637713162e-09    2.3760887403e-10    1.1261624421e-09
2.6000000000e+02     1.0405940392e-07    2.8728840146e-11    1.0403067508e-07
2.6500000000e+02     1.3907642022e-08    1.0073868921e-11    1.3897568153e-08
2.7000000000e+02     1.7571552024e-09    5.6001056140e-11    1.7011541462e-09
2.7500000000e+02     8.1242914706e-09    1.4147822550e-10    7.9828132451e-09
2.8000000000e+02     1.5399694184e-09    4.4700686124e-10    1.0929625572e-09
2.8500000000e+02     7.2322351851e-10    1.3753197434e-10    5.8569154417e-10
2.9000000000e+02     1.1372791337e-09    4.1274435901e-10    7.2453477470e-10
2.9500000000e+02     2.6419083843e-09    4.9095107846e-10    2.1509573058e-09
3.0000000000e+02     6.7551950781e-10    9.7509479493e-11    5.7801002832e-10
3.0500000000e+02     2.3649479273e-09    1.1858700810e-09    1.1790778463e-09
3.1000000000e+02     2.0876593414e-10    3.4657827810e-11    1.7410810633e-10
3.1500000000e+02     5.2210330769e-08    2.1698341926e-08    3.0511988843e-08
3.2000000000e+02     8.9483943347e-09    3.6235930895e-09    5.3248012452e-09
3.2500000000e+02     6.7706205663e-09    1.5899459612e-09    5.1806746051e-09
3.3000000000e+02     3.4438432292e-09    1.7117755983e-10    3.2726656694e-09
3.3500000000e+02     4.6622947343e-10    8.4741128180e-11    3.8148834525e-10
3.4000000000e+02     9.6233376181e-09    8.0619306749e-11    9.5427183113e-09
3.4500000000e+02     3.2380489404e-10    4.9882984178e-11    2.7392190986e-10
3.5000000000e+02     1.0476520516e-08    3.6966335323e-11    1.0439554181e-08
3.5500000000e+02     1.4604707268e-09    3.3131320814e-10    1.1291575187e-09
3.6000000000e+02     2.4579071488e-10    4.5036001315e-11    2.0075471356e-10
3.6500000000e+02     1.5024595923e-09    1.9503966227e-10    1.3074199300e-09
3.7000000000e+02     1.1604518830e-10    1.3395476866e-11    1.0264971144e-10
3.7500000000e+02     1.2938631618e-09    7.6587666609e-11    1.2172754952e-09
3.8000000000e+02     3.8355377808e-09    7.9915483278e-10    3.0363829480e-09
3.8500000000e+02     2.2426746686e-09    4.0181564727e-10    1.8408590214e-09
3.9000000000e+02     1.2641456211e-10    2.5302451551e-11    1.0111211056e-10
3.9500000000e+02     1.9625207043e-09    7.3867544731e-10    1.2238452569e-09
4.0000000000e+02     6.0622061637e-10    1.4096991037e-11    5.9212362533e-10
4.0500000000e+02     2.5914408426e-09    1.3617927374e-10    2.4552615688e-09
4.1000000000e+02     4.5230021698e-10    3.4222793232e-11    4.1807742375e-10
4.1500000000e+02     1.3801119032e-09    2.5488743353e-10    1.1252244696e-09
4.2000000000e+02     7.5636281393e-08    7.2990955653e-10    7.4906371836e-08
4.2500000000e+02     4.6575875919e-10    5.2604561000e-11    4.1315419819e-10
4.3000000000e+02     2.7790580630e-09    1.2234395872e-09    1.5556184759e-09
4.3500000000e+02     7.6614558633e-10    8.1824295138e-11    6.8432129119e-10
4.4000000000e+02     1.1204473565e-09    2.8784300728e-10    8.3260434923e-10
4.4500000000e+02     2.7029761706e-09    3.0071337450e-10    2.4022627961e-09
4.5000000000e+02     7.0821982078e-10    6.0345832624e-11    6.4787398816e-10
4.5500000000e+02     1.6057974062e-09    6.4130748480e-11    1.5416666577e-09
4.6000000000e+02     9.9635819157e-09    4.0164231806e-09    5.9471587351e-09
4.6500000000e+02     5.2778814454e-08    7.9590393147e-09    4.4819775139e-08
4.7000000000e+02     1.7839237355e-10    1.6355552139e-11    1.6203682141e-10
4.7500000000e+02     5.8835135262e-10    8.6832578988e-11    5.0151877364e-10
4.8000000000e+02     1.4221970449e-09    7.8194557879e-11    1.3440024870e-09
4.8500000000e+02     2.3744513347e-09    2.3401866839e-10    2.1404326663e-09
4.9000000000e+02     3.5784547194e-10    7.9111675534e-11    2.7873379641e-10
4.9500000000e+02     2.7087384151e-09    2.1134119633e-10    2.4973972188e-09
5.0000000000e+02     1.7775540492e-10    2.5407309839e-11    1.5234809508e-10
5.0500000000e+02     7.0450351857e-10    9.9907497847e-11    6.0459602072e-10
5.1000000000e+02     2.3447141549e-09    3.1394848103e-10    2.0307656739e-09
5.1500000000e+02     1.4898686640e-09    1.0314725188e-10    1.3867214121e-09
5.2000000000e+02     4.3947985992e-09    2.3516597112e-10    4.1596326281e-09
5.2500000000e+02     2.6597232422e-10    2.4357563720e-11    2.4161476050e-10
5.3000000000e+02     3.3294504047e-08    1.8418669256e-08    1.4875834791e-08
5.3500000000e+02     9.0687485725e-10    3.8082843392e-11    8.6879201385e-10
5.4000000000e+02     1.3202639354e-07    5.2497072412e-08    7.9529321128e-08
5.4500000000e+02     9.9501512571e-09    9.4983941980e-10    9.0003118373e-09
5.5000000000e+02     3.2871238152e-09    8.7727253899e-10    2.4098512762e-09
5.5500000000e+02     3.0683284521e-10    3.9620190502e-11    2.6721265471e-10
5.6000000000e+02     7.0329731177e-09    2.5149168514e-09    4.5180562663e-09
5.6500000000e+02     1.0624510440e-09    4.7228452809e-11    1.0152225912e-09
5.7000000000e+02     5.4210106570e-10    4.4838248087e-11    4.9726281761e-10
5.7500000000e+02     1.5507631307e-09    3.1745846792e-11    1.5190172839e-09
5.8000000000e+02     4.0111831666e-10    1.5582490281e-10    2.4529341385e-10
5.8500000000e+02     1.0792048698e-09    2.1106684482e-10    8.6813802495e-10
5.9000000000e+02     6.0524283137e-08    3.2789800796e-08    2.7734482342e-08
5.9500000000e+02     2.4427097099e-09    3.4089836653e-11    2.4086198732e-09
6.0000000000e+02     5.5854108793e-09    1.9756284937e-11    5.5656545944e-09
6.0500000000e+02     6.1246835879e-09    1.5720153610e-09    4.5526682269e-09
6.1000000000e+02     1.6520100686e-08    1.7213520902e-10    1.6347965477e-08
6.1500000000e+02     2.8954706942e-10    2.3417196881e-11    2.6612987254e-10
6.2000000000e+02     2.0587835293e-08    2.8578521412e-09    1.7729983152e-08
6.2500000000e+02     7.3527674538e-10    4.9895997900e-11    6.8538074748e-10
6.3000000000e+02     7.2484968114e-10    5.5306418294e-11    6.6954326284e-10
6.3500000000e+02     1.2084075833e-06    1.5427427236e-07    1.0541333109e-06
6.4000000000e+02     1.6232796274e-07    6.5099703845e-08    9.7228258891e-08
6.4500000000e+02     4.6976543243e-10    8.2544331755e-11    3.8722110068e-10
6.5000000000e+02     2.7882600615e-07    1.0946889195e-07    1.6935711420e-07
6.5500000000e+02     8.3967839350e-10    4.9948873744e-11    7.8972951976e-10
6.6000000000e+02     1.6810615105e-08    5.9891420843e-11    1.6750723684e-08
6.6500000000e+02     1.3090436275e-09    4.8488266896e-10    8.2416095853e-10
6.7000000000e+02     1.1746327851e-09    6.2517761319e-11    1.1121150238e-09
6.7500000000e+02     1.2189077634e-08    1.2498218051e-09    1.0939255829e-08
6.8000000000e+02     9.4688923604e-09    9.3667193158e-10    8.5322204288e-09
6.8500000000e+02     1.1873315214e-09    1.4095743715e-10    1.0463740843e-09
6.9000000000e+02     4.0930738280e-10    1.8024358634e-11    3.9128302417e-10
6.9500000000e+02     1.3355519818e-08    6.0505959344e-10    1.2750460224e-08
7.0000000000e+02     1.1120792436e-10    2.8885054678e-11    8.2322869680e-11
7.0500000000e+02     4.7920440777e-09    6.6129267372e-10    4.1307514040e-09
7.1000000000e+02     4.0472938159e-10    3.4126396665e-11    3.7060298492e-10
7.1500000000e+02     8.5437383672e-08    3.2688642445e-08    5.2748741227e-08
7.2000000000e+02     5.8997080773e-09    6.5408907032e-11    5.8342991703e-09
7.2500000000e+02     1.0207157451e-10    1.7962298875e-11    8.4109275637e-11
7.3000000000e+02     1.7772929647e-09    6.0448274398e-10    1.1728102208e-09
7.3500000000e+02     1.3081889803e-09    1.1025904415e-10    1.1979299361e-09
7.4000000000e+02     9.6923334708e-10    4.0251281308e-10    5.6672053400e-10
7.4500000000e+02     1.6148360116e-09    7.8272716592e-10    8.3210884564e-10
7.5000000000e+02     1.6797404602e-09    9.9124807203e-11    1.5806156530e-09
7.5500000000e+02     6.4441988395e-09    6.2470878260e-10    5.8194900569e-09
7.6000000000e+02     1.6381952125e-10    2.1353764049e-11    1.4246575720e-10
7.6500000000e+02     1.0878623473e-08    5.9884573841e-09    4.8901660892e-09
7.7000000000e+02     1.2326889429e-09    5.3507816566e-10    6.9761077724e-10
7.7500000000e+02     4.0851575962e-10    1.7858964061e-10    2.2992611902e-10
7.8000000000e+02     2.6897012084e-09    1.2518593124e-09    1.4378418960e-09
7.8500000000e+02     2.5818247300e-08    3.0890022981e-09    2.2729245002e-08
7.9000000000e+02     2.9828875332e-10    9.5119846746e-11    2.0316890658e-10
7.9500000000e+02     1.3503110081e-09    8.4014216071e-11    1.2662967920e-09
8.0000000000e+02     9.4803437120e-10    3.9145639725e-11    9.0888873148e-10
8.0500000000e+02     1.2874939556e-09    4.2369447728e-10    8.6379947828e-10
8.1000000000e+02     8.7523440023e-10    2.5629707063e-10    6.1893732960e-10
8.1500000000e+02     1.0849962861e-10    1.1083661090e-11    9.7415967523e-11
8.2000000000e+02     1.5147895834e-07    8.3367286916e-08    6.8111671426e-08
8.2500000000e+02     7.4048732396e-07    3.7342043849e-07    3.6706688547e-07
8.3000000000e+02     1.1302225853e-09    2.5698088818e-10    8.7324169711e-10
8.3500000000e+02     6.5144715872e-10    2.2733089459e-10    4.2411626413e-10
8.4000000000e+02     8.4102082640e-11    9.1271598543e-12    7.4974922785e-11
8.4500000000e+02     1.9206753835e-10    3.7644105823e-11    1.5442343253e-10
8.5000000000e+02     2.5520349404e-09    5.0268586589e-11    2.5017663538e-09
8.5500000000e+02     9.7972520037e-10    8.0898064127e-11    8.9882713625e-10
8.6000000000e+02     4.7941296933e-10    1.8818903450e-11    4.6059406588e-10
8.6500000000e+02     6.7153066260e-10    3.4454026940e-10    3.2699039321e-10
8.7000000000e+02     2.0521881948e-10    2.7992686278e-11    1.7722613320e-10
8.7500000000e+02     9.8928042303e-11    3.5725945434e-11    6.3202096869e-11
8.8000000000e+02     4.3428673713e-10    6.2207535376e-11    3.7207920175e-10
8.8500000000e+02     3.7696066043e-09    1.0654346356e-10    3.6630631407e-09
8.9000000000e+02     1.5571534910e-10    6.6480788067e-11    8.9234561035e-11
8.9500000000e+02     5.0353850161e-10    1.1991468962e-10    3.8362381200e-10
9.0000000000e+02     1.9289879506e-09    2.5718294656e-11    1.9032696560e-09
9.0500000000e+02     3.3439191775e-09    1.7630888237e-09    1.5808303539e-09
9.1000000000e+02     1.7841641492e-10    1.7534358202e-11    1.6088205672e-10
9.1500000000e+02     3.9663356680e-10    1.6411693070e-10    2.3251663609e-10
9.2000000000e+02     2.5765677344e-09    3.9021500446e-11    2.5375462340e-09
9.2500000000e+02     4.5169562777e-10    7.7349755959e-11    3.7434587181e-10
9.3000000000e+02     6.6955856966e-06    2.5030202580e-06    4.1925654386e-06
9.3500000000e+02     3.6160646914e-10    3.9184922750e-11    3.2242154639e-10
9.4000000000e+02     2.0629133278e-09    1.1350047236e-11    2.0515632806e-09
9.4500000000e+02     6.4836942602e-10    9.3750444374e-11    5.5461898164e-10
9.5000000000e+02     3.2675285840e-09    1.1069343855e-09    2.1605941985e-09
9.5500000000e+02     1.9604229512e-10    7.1507712693e-11    1.2453458242e-10
9.6000000000e+02     2.2066455454e-10    5.9733906277e-11    1.6093064827e-10
9.6500000000e+02     1.0708397613e-08    5.8201323229e-09    4.8882652898e-09
9.7000000000e+02     6.3523865081e-09    1.3941841460e-09    4.9582023621e-09
9.7500000000e+02     5.4491486632e-09    7.7593539008e-10    4.6732132731e-09
9.8000000000e+02     6.3946236548e-09    2.7133621078e-11    6.3674900338e-09
9.8500000000e+02     5.9868383604e-09    5.2833667773e-10    5.4585016826e-09
9.9000000000e+02     9.8888205257e-09    3.4321601606e-09    6.4566603651e-09
9.9500000000e+02     9.0472805767e-10    3.1729331552e-10    5.8743474215e-10
1.0000000000e+03     4.3658232166e-10    1.3058751230e-10    3.0599480936e-10
1.0050000000e+03     3.6390231086e-10    6.3920921203e-11    2.9998138966e-10
1.0100000000e+03     4.1887820099e-10    1.7283648653e-10    2.4604171447e-10
1.0150000000e+03     2.5982199890e-10    1.3928136016e-11    2.4589386288e-10
1.0200000000e+03     2.6538852808e-10    5.0275223949e-11    2.1511330413e-10
1.0250000000e+03     9.7069789112e-10    1.5516721250e-10    8.1553067862e-10
1.0300000000e+03     7.4828376913e-10    2.0754534023e-10    5.4073842890e-10
1.0350000000e+03     3.3472295755e-10    2.2381687514e-11    3.1234127004e-10
1.0400000000e+03     7.1630780565e-11    2.1307736988e-11    5.0323043577e-11
1.0450000000e+03     1.3042597553e-10    3.5453254551e-11    9.4972720977e-11
1.0500000000e+03     1.2929522403e-09    7.5862213865e-11    1.2170900265e-09
1.0550000000e+03     2.1959992457e-10    7.9851951023e-11    1.3974797355e-10
1.0600000000e+03     1.2203425075e-10    4.2639361978e-11    7.9394888773e-11
1.0650000000e+03     5.4818066631e-10    2.3309789451e-10    3.1508277180e-10
1.0700000000e+03     5.1405514783e-08    1.9203277260e-08    3.2202237524e-08
1.0750000000e+03     6.7223798444e-09    2.8717978762e-09    3.8505819682e-09
1.0800000000e+03     2.7336536050e-10    8.5275102377e-11    1.8809025812e-10
1.0850000000e+03     4.8723167978e-09    1.9215966248e-09    2.9507201730e-09
1.0900000000e+03     8.8471171414e-09    1.1935086676e-11    8.8351820548e-09
1.0950000000e+03     1.0993258617e-10    1.3122137594e-11    9.6810448575e-11
1.1000000000e+03     3.0211409297e-10    8.6701980925e-11    2.1541211205e-10
1.1050000000e+03     6.6024178586e-09    3.1715213334e-11    6.5707026453e-09
1.1100000000e+03     1.2023063348e-09    5.3141185154e-11    1.1491651497e-09
1.1150000000e+03     7.0837086942e-11    1.5027854424e-11    5.5809232518e-11
1.1200000000e+03     1.5901545403e-08    8.7693127237e-09    7.1322326798e-09
1.1250000000e+03     7.5978933728e-11    8.6898932799e-12    6.7289040448e-11
1.1300000000e+03     1.4661782359e-10    5.1685438136e-11    9.4932385454e-11
1.1350000000e+03     1.5107485585e-10    1.9246879870e-11    1.3182797598e-10
1.1400000000e+03     2.7655960502e-08    1.0491216271e-08    1.7164744231e-08
1.1450000000e+03     9.4521167550e-10    9.1409590927e-11    8.5380208458e-10
1.1500000000e+03     1.8578663138e-09    1.7456317716e-11    1.8404099961e-09
1.1550000000e+03     8.2656390002e-10    9.7369436399e-11    7.2919446362e-10
1.1600000000e+03     1.2894753321e-10    1.3502723298e-11    1.1544480991e-10
1.1650000000e+03     2.8475953506e-09    1.0306059052e-09    1.8169894454e-09
1.1700000000e+03     7.3990474020e-11    1.3001804714e-11    6.0988669306e-11
1.1750000000e+03     1.8977819357e-09    1.5087415998e-10    1.7469077757e-09
1.1800000000e+03     2.2461689686e-09    2.2846482322e-10    2.0177041454e-09
1.1850000000e+03     1.2508653067e-10    1.8895919366e-11    1.0619061131e-10
1.1900000000e+03     2.4862993989e-10    8.2264026347e-11    1.6636591355e-10
1.1950000000e+03     5.2336251906e-10    2.1144051952e-11    5.0221846711e-10
1.2000000000e+03     2.0561134668e-10    2.0152914232e-11    1.8545843245e-10
1.2050000000e+03     1.3897384161e-08    1.2102185073e-10    1.3776362310e-08
1.2100000000e+03     4.6614737502e-10    1.4420108736e-11    4.5172726628e-10
1.2150000000e+03     1.8159690057e-10    5.2824630241e-11    1.2877227033e-10
1.2200000000e+03     1.4680458351e-10    1.8471899102e-11    1.2833268441e-10
1.2250000000e+03     3.0861446749e-10    5.6005108647e-11    2.5260935884e-10
1.2300000000e+03     5.6048145234e-09    1.7279110042e-10    5.4320234230e-09
1.2350000000e+03     1.1097754317e-09    5.3511417130e-10    5.7466126041e-10
1.2400000000e+03     1.7904761389e-10    5.6908416293e-11    1.2213919760e-10
1.2450000000e+03     1.4436629707e-10    2.6681018062e-11    1.1768527901e-10
1.2500000000e+03     4.6129379902e-10    4.2328804043e-11    4.1896499497e-10
1.2550000000e+03     1.2733455510e-09    3.9695928402e-11    1.2336496226e-09
1.2600000000e+03     2.3350130856e-07    9.0544295055e-08    1.4295701350e-07
1.2650000000e+03     6.1626697417e-10    1.9582335216e-10    4.2044362200e-10
1.2700000000e+03     4.8567409015e-10    1.3498181761e-10    3.5069227254e-10
1.2750000000e+03     1.3172318306e-10    1.8761296555e-11    1.1296188650e-10
1.2800000000e+03     4.6282151768e-09    1.5626922756e-09    3.0655229011e-09
1.2850000000e+03     8.6875055546e-11    1.9988565621e-11    6.6886489926e-11
1.2900000000e+03     5.4312325419e-10    2.0563791869e-10    3.3748533550e-10
1.2950000000e+03     1.6957583045e-10    5.3490010560e-11    1.1608581989e-10
1.3000000000e+03     1.1653682905e-09    4.8964097011e-11    1.1164041935e-09
1.3050000000e+03     5.1714419976e-10    2.9905002089e-11    4.8723919767e-10
1.3100000000e+03     4.6480621009e-09    4.2447010112e-11    4.6056150908e-09
1.3150000000e+03     5.0152721001e-08    3.9133799583e-11    5.0113587201e-08
1.3200000000e+03     6.4703379003e-10    1.4623012491e-10    5.0080366512e-10
1.3250000000e+03     2.6635687909e-10    1.2254502970e-10    1.4381184939e-10
1.3300000000e+03     5.3163298082e-10    2.6558177444e-10    2.6605120638e-10
1.3350000000e+03     1.4111001521e-09    7.2717340518e-10    6.8392674694e-10
1.3400000000e+03     1.0326477640e-10    2.0449176491e-11    8.2815599908e-11
1.3450000000e+03     3.0684818518e-10    9.7595319269e-11    2.0925286591e-10
1.3500000000e+03     4.9985693133e-09    2.2498922583e-10    4.7735800875e-09
1.3550000000e+03     1.8444894644e-10    5.3559870635e-11    1.3088907581e-10
1.3600000000e+03     2.0629763865e-10    8.5853106957e-11    1.2044453169e-10
1.3650000000e+03     2.7240465062e-10    5.1189556240e-11    2.2121509438e-10
1.3700000000e+03     9.5565799591e-11    2.5135053029e-11    7.0430746563e-11
1.3750000000e+03     5.3958574113e-10    1.1549827048e-10    4.2408747065e-10
1.3800000000e+03     1.0590150523e-10    1.1671270186e-11    9.4230235048e-11
1.3850000000e+03     9.4033960732e-11    3.4444489284e-11    5.9589471448e-11
1.3900000000e+03     1.6459453459e-10    3.3100693311e-11    1.3149384128e-10
1.3950000000e+03     7.6350314362e-11    1.6770589901e-11    5.9579724461e-11
1.4000000000e+03     2.3520506943e-08    2.3978029321e-11    2.3496528914e-08
1.4050000000e+03     9.4157248154e-11    1.3168015245e-11    8.0989232909e-11
1.4100000000e+03     1.4960404166e-10    3.2930498258e-11    1.1667354340e-10
1.4150000000e+03     4.6135295576e-10    1.6611168001e-10    2.9524127575e-10
1.4200000000e+03     7.5710044488e-11    1.6519515845e-11    5.9190528643e-11
1.4250000000e+03     1.5485066547e-10    1.3857061741e-11    1.4099360373e-10
1.4300000000e+03     1.0536192902e-10    4.1705217481e-11    6.3656711541e-11
1.4350000000e+03     5.5472015081e-11    1.8823632629e-11    3.6648382452e-11
1.4400000000e+03     3.3292074641e-10    4.8305647208e-11    2.8461509920e-10
1.4450000000e+03     4.6134691059e-11    1.1641032113e-11    3.4493658947e-11
1.4500000000e+03     1.6715610751e-09    8.7793947757e-10    7.9362159753e-10
1.4550000000e+03     2.8167920178e-10    1.0498405656e-10    1.7669514522e-10
1.4600000000e+03     2.5717389494e-08    5.2283563970e-11    2.5665105930e-08
1.4650000000e+03     6.1360268189e-10    2.5955038223e-10    3.5405229966e-10
1.4700000000e+03     3.0059934823e-10    6.5201762003e-11    2.3539758623e-10
1.4750000000e+03     9.0316761364e-11    2.1628655234e-11    6.8688106130e-11
1.4800000000e+03     1.1862759627e-10    4.8018399168e-11    7.0609197105e-11
1.4850000000e+03     4.2067601385e-11    1.1607487368e-11    3.0460114018e-11
1.4900000000e+03     3.2602227652e-11    8.0549584674e-12    2.4547269185e-11
1.4950000000e+03     2.6199086529e-10    7.2097693136e-12    2.5478109597e-10
1.5000000000e+03     1.5474265198e-10    5.3774088841e-11    1.0096856314e-10
1.5050000000e+03     1.9925977497e-10    9.2774663379e-11    1.0648511159e-10
1.5100000000e+03     1.7849648116e-08    9.8141638481e-09    8.0354842677e-09
1.5150000000e+03     5.7767936357e-11    2.0906054503e-11    3.6861881854e-11
1.5200000000e+03     1.2838562726e-10    4.0895626244e-11    8.7490001017e-11
1.5250000000e+03     4.7861937387e-11    1.7369194450e-11    3.0492742937e-11
1.5300000000e+03     2.2201616456e-10    9.2928901051e-11    1.2908726351e-10
1.5350000000e+03     9.5922328812e-11    3.7648755324e-11    5.8273573489e-11
1.5400000000e+03     1.3888558253e-09    6.5476432474e-11    1.3233793928e-09
1.5450000000e+03     2.6255509980e-10    8.1879636353e-11    1.8067546345e-10
1.5500000000e+03     5.2949013919e-10    2.3786916515e-10    2.9162097404e-10
1.5550000000e+03     6.3719393513e-10    9.5504726407e-11    5.4168920872e-10
1.5600000000e+03     5.0096823770e-11    9.2618490987e-12    4.0834974671e-11
1.5650000000e+03     9.2801478146e-11    1.9174454019e-11    7.3627024128e-11
1.5700000000e+03     2.5591138830e-10    4.6272772680e-11    2.0963861562e-10
1.5750000000e+03     2.4765895855e-09    1.0727930166e-11    2.4658616554e-09
1.5800000000e+03     6.3927831527e-10    2.3984860759e-10    3.9942970768e-10
1.5850000000e+03     2.8747002484e-10    6.4807734946e-11    2.2266228989e-10
1.5900000000e+03     4.0700133743e-11    1.0007413513e-11    3.0692720230e-11
1.5950000000e+03     7.5738375262e-07    6.3657268458e-11    7.5732009536e-07
1.6000000000e+03     3.9569227313e-09    1.7919160429e-11    3.9390035709e-09
1.6050000000e+03     4.9745726958e-11    1.2012623564e-11    3.7733103395e-11
1.6100000000e+03     2.8825762422e-10    1.4523161105e-10    1.4302601316e-10
1.6150000000e+03     2.3354918219e-10    7.9729986799e-11    1.5381919539e-10
1.6200000000e+03     2.5260709085e-10    8.3954284681e-11    1.6865280617e-10
1.6250000000e+03     3.0181998333e-10    1.5310224084e-10    1.4871774250e-10
1.6300000000e+03     3.8751958329e-09    1.3248616451e-11    3.8619472164e-09
1.6350000000e+03     1.3715739682e-10    4.3635640132e-11    9.3521756691e-11
1.6400000000e+03     4.9756290537e-11    8.8628561854e-12    4.0893434352e-11
1.6450000000e+03     9.2162960316e-11    1.6736139264e-11    7.5426821052e-11
1.6500000000e+03     4.2998814200e-11    6.1499540363e-12    3.6848860164e-11
1.6550000000e+03     4.0445181067e-11    7.5138773654e-12    3.2931303702e-11
1.6600000000e+03     6.4457551720e-10    1.5439467685e-10    4.9018084035e-10
1.6650000000e+03     5.3369223023e-11    1.0145838601e-11    4.3223384422e-11
1.6700000000e+03     3.1498900070e-10    7.8653339467e-12    3.0712366676e-10
1.6750000000e+03     2.3360402178e-10    1.1638134873e-10    1.1722267306e-10
1.6800000000e+03     6.5869535741e-11    1.1150542044e-11    5.4718993698e-11
1.6850000000e+03     2.1797806021e-09    7.3391251990e-10    1.4458680822e-09
1.6900000000e+03     4.2992183047e-11    7.3510195148e-12    3.5641163532e-11
1.6950000000e+03     3.3711834146e-10    1.1737575174e-10    2.1974258972e-10
1.7000000000e+03     1.9422174298e-10    9.3203182345e-11    1.0101856063e-10
1.7050000000e+03     3.9189849179e-09    2.1575707229e-09    1.7614141951e-09
1.7100000000e+03     6.5734532339e-11    1.9892635276e-11    4.5841897063e-11
1.7150000000e+03     1.0332595233e-10    3.3702791401e-11    6.9623160934e-11
1.7200000000e+03     2.3228684983e-09    1.2706170846e-09    1.0522514137e-09
1.7250000000e+03     6.4363664062e-11    1.1480085598e-11    5.2883578464e-11
1.7300000000e+03     6.4684796687e-09    2.4627137866e-09    4.0057658820e-09
1.7350000000e+03     7.1628472883e-11    2.1046026353e-11    5.0582446530e-11
1.7400000000e+03     4.6225792968e-10    5.9130309746e-11    4.0312761994e-10
1.7450000000e+03     7.9485754018e-11    2.2360039378e-11    5.7125714641e-11
1.7500000000e+03     1.2951155978e-10    5.8141742511e-11    7.1369817268e-11
1.7550000000e+03     3.8078233720e-10    1.9527434185e-10    1.8550799536e-10
1.7600000000e+03     4.0738035251e-10    1.8766435018e-10    2.1971600233e-10
1.7650000000e+03     1.3981927252e-10    3.2819119367e-11    1.0700015315e-10
1.7700000000e+03     1.3735935899e-10    5.2894994659e-11    8.4464364327e-11
1.7750000000e+03     1.3201200777e-10    1.2123195271e-11    1.1988881250e-10
1.7800000000e+03     8.4021999439e-11    8.1581360061e-12    7.5863863433e-11
1.7850000000e+03     1.0490199368e-10    1.9644033855e-11    8.5257959820e-11
1.7900000000e+03     6.5686860368e-10    3.2040470122e-10    3.3646390246e-10
1.7950000000e+03     1.4537295230e-10    1.7980413405e-11    1.2739253890e-10
1.8000000000e+03     7.5386967514e-07    4.1667106917e-07    3.3719860597e-07
1.8050000000e+03     1.4008409662e-10    4.1493631112e-11    9.8590465503e-11
1.8100000000e+03     8.6939296673e-10    2.6960603966e-10    5.9978692707e-10
1.8150000000e+03     2.3952294742e-10    1.3557707521e-11    2.2596523989e-10
1.8200000000e+03     5.5679597047e-09    1.6058042654e-09    3.9621554393e-09
1.8250000000e+03     5.5481304658e-09    7.6096297402e-12    5.5405208361e-09
1.8300000000e+03     3.8698472207e-11    5.8947836889e-12    3.2803688518e-11
1.8350000000e+03     3.3632598801e-10    5.1125624596e-12    3.3121342555e-10
1.8400000000e+03     3.4338739139e-11    5.5864038004e-12    2.8752335338e-11
1.8450000000e+03     3.7646620940e-11    6.2337278817e-12    3.1412893058e-11
1.8500000000e+03     4.2462945344e-11    1.0451493420e-11    3.2011451924e-11
1.8550000000e+03     1.6676386191e-10    5.9318643422e-11    1.0744521848e-10
1.8600000000e+03     7.1440933466e-10    3.8087040806e-10    3.3353892660e-10
1.8650000000e+03     1.1451280956e-10    2.2539471487e-11    9.1973338069e-11
1.8700000000e+03     1.7470427808e-10    4.5396679020e-11    1.2930759906e-10
1.8750000000e+03     5.3070578466e-11    1.0112264778e-11    4.2958313688e-11
1.8800000000e+03     1.5903041766e-10    6.6355627139e-11    9.2674790523e-11
1.8850000000e+03     4.6079789396e-11    1.2436710501e-11    3.3643078895e-11
1.8900000000e+03     6.2254549966e-11    2.2154696739e-11    4.0099853227e-11
1.8950000000e+03     5.9206900033e-11    1.6974606557e-11    4.2232293477e-11
1.9000000000e+03     1.0425409856e-09    6.8050127988e-12    1.0357359728e-09
1.9050000000e+03     3.1727642409e-11    7.0484511760e-12    2.4679191234e-11
1.9100000000e+03     1.0293940956e-10    3.9331979689e-11    6.3607429873e-11
1.9150000000e+03     2.6655652611e-10    5.9096802612e-11    2.0745972350e-10
1.9200000000e+03     3.1836732515e-11    7.9750785018e-12    2.3861654014e-11
1.9250000000e+03     5.5479494064e-11    1.3382484530e-11    4.2097009534e-11
1.9300000000e+03     1.5368097629e-10    6.9438116583e-12    1.4673716463e-10
1.9350000000e+03     4.0528103891e-10    7.5307430179e-12    3.9775029589e-10
1.9400000000e+03     1.2961598190e-08    1.2187330604e-09    1.1742865130e-08
1.9450000000e+03     1.5793071113e-10    6.1951677199e-11    9.5979033931e-11
1.9500000000e+03     7.6300078816e-11    2.4015726859e-11    5.2284351957e-11
1.9550000000e+03     1.5229948929e-10    7.7661037561e-12    1.4453338553e-10
1.9600000000e+03     1.0174752906e-10    7.0323162065e-12    9.4715212856e-11
1.9650000000e+03     4.8236699340e-11    7.7519362265e-12    4.0484763114e-11
1.9700000000e+03     5.2438278434e-11    1.4197858046e-11    3.8240420388e-11
1.9750000000e+03     2.1658944357e-09    1.1672294878e-09    9.9866494795e-10
1.9800000000e+03     1.7538615315e-09    2.8144409100e-11    1.7257171224e-09
1.9850000000e+03     1.1744396572e-09    4.7795175719e-11    1.1266444815e-09
1.9900000000e+03     9.6610797341e-11    2.2224120468e-11    7.4386676874e-11
1.9950000000e+03     1.6499588719e-10    6.4229105012e-11    1.0076678218e-10
2.0000000000e+03     7.9567384762e-09    2.9961045498e-09    4.9606339264e-09
2.0050000000e+03     1.0568634493e-10    1.0776773708e-11    9.4909571224e-11
2.0100000000e+03     1.1839113792e-10    4.9105736866e-11    6.9285401059e-11
2.0150000000e+03     4.5951199106e-11    1.3917299823e-11    3.2033899284e-11
2.0200000000e+03     1.4884737836e-10    7.1201364555e-11    7.7646013807e-11
2.0250000000e+03     3.6600519130e-11    9.4872812824e-12    2.7113237848e-11
2.0300000000e+03     8.1869514304e-11    6.1355162888e-12    7.5733998016e-11
2.0350000000e+03     3.6218809368e-11    6.1393465498e-12    3.0079462819e-11
2.0400000000e+03     5.8166034391e-10    8.3150876550e-11    4.9850946736e-10
2.0450000000e+03     5.6669351678e-10    1.8410282348e-11    5.4828323443e-10
2.0500000000e+03     7.2842885843e-09    5.4781507754e-11    7.2295070765e-09
2.0550000000e+03     5.0062519241e-10    1.8825375100e-11    4.8179981731e-10
2.0600000000e+03     1.6511131705e-10    7.8415516720e-11    8.6695800329e-11
2.0650000000e+03     6.3309835990e-11    1.2551298564e-11    5.0758537426e-11
2.0700000000e+03     5.7064188912e-11    1.2889346304e-11    4.4174842608e-11
2.0750000000e+03     3.5270519089e-10    8.8512760924e-11    2.6419242997e-10
2.0800000000e+03     1.1732010289e-09    1.1635063624e-10    1.0568503927e-09
2.0850000000e+03     5.4395377826e-11    1.7341295479e-11    3.7054082347e-11
2.0900000000e+03     2.2089712129e-10    1.0442770211e-10    1.1646941917e-10
2.0950000000e+03     1.5208718234e-09    8.2663885309e-10    6.9423297027e-10
2.1000000000e+03     5.1686092375e-11    1.6799194711e-11    3.4886897665e-11
2.1050000000e+03     3.9414006945e-11    9.9126956264e-12    2.9501311318e-11
2.1100000000e+03     4.0272070704e-10    1.3873090925e-10    2.6398979779e-10
2.1150000000e+03     1.5851532987e-10    7.4884872184e-11    8.3630457683e-11
2.1200000000e+03     5.1235659124e-11    1.7981318396e-11    3.3254340727e-11
2.1250000000e+03     2.8478979044e-10    3.5067565110e-11    2.4972222533e-10
2.1300000000e+03     9.6577920246e-09    8.6999274661e-11    9.5707927499e-09
2.1350000000e+03     6.5807995407e-11    1.9412546297e-11    4.6395449110e-11
2.1400000000e+03     4.5012068772e-11    8.9333643735e-12    3.6078704399e-11
2.1450000000e+03     3.5640961282e-11    7.3915789607e-12    2.8249382322e-11
2.1500000000e+03     6.0852946492e-11    1.3705804025e-11    4.7147142468e-11
2.1550000000e+03     4.7874787364e-11    1.4113862895e-11    3.3760924469e-11
2.1600000000e+03     1.0118640545e-10    4.0718355007e-11    6.0468050446e-11
2.1650000000e+03     2.5683823047e-10    6.3819361691e-11    1.9301886878e-10
2.1700000000e+03     4.7203473363e-11    1.7320006237e-11    2.9883467126e-11
2.1750000000e+03     6.2254763852e-10    3.3429173362e-10    2.8825590490e-10
2.1800000000e+03     1.6912950545e-10    7.8947784821e-11    9.0181720627e-11
2.1850000000e+03     5.5853609203e-11    2.2026791196e-11    3.3826818006e-11
2.1900000000e+03     4.9941686972e-11    1.7105916920e-11    3.2835770052e-11
2.1950000000e+03     6.4989909601e-11    2.7402727885e-11    3.7587181716e-11
2.2000000000e+03     8.1417233784e-11    3.1308204581e-11    5.0109029203e-11
2.2050000000e+03     8.6915754862e-11    3.0053352997e-11    5.6862401865e-11
2.2100000000e+03     5.0186779380e-10    2.6610871464e-10    2.3575907917e-10
2.2150000000e+03     4.1220660321e-11    1.0929715941e-11    3.0290944380e-11
2.2200000000e+03     2.8204466556e-11    7.0084663815e-12    2.1196000175e-11
2.2250000000e+03     2.5758063043e-11    6.6801404039e-12    1.9077922639e-11
2.2300000000e+03     3.5412377729e-11    1.0318861631e-11    2.5093516098e-11
2.2350000000e+03     1.2633340555e-09    6.8170976243e-10    5.8162429311e-10
2.2400000000e+03     3.2996117157e-11    1.0632824363e-11    2.2363292795e-11
2.2450000000e+03     7.4259394494e-10    1.5715194694e-10    5.8544199800e-10
2.2500000000e+03     2.5261561014e-11    6.4857745669e-12    1.8775786447e-11
2.2550000000e+03     3.6688903838e-11    1.2498644169e-11    2.4190259670e-11
2.2600000000e+03     7.4604196076e-11    2.8385749088e-11    4.6218446988e-11
2.2650000000e+03     3.2073652123e-11    8.5053403652e-12    2.3568311758e-11
2.2700000000e+03     3.3031129422e-11    8.2468853562e-12    2.4784244066e-11
2.2750000000e+03     4.1826603700e-11    6.5080687995e-12    3.5318534901e-11
2.2800000000e+03     9.5970774894e-11    1.2619427684e-11    8.3351347210e-11
2.2850000000e+03     1.6979863756e-10    3.4280309117e-11    1.3551832845e-10
2.2900000000e+03     1.5721598009e-10    1.1163515750e-11    1.4605246434e-10
2.2950000000e+03     1.3363424962e-10    4.0173897691e-11    9.3460351924e-11
2.3000000000e+03     4.6544905324e-11    8.4533380831e-12    3.8091567240e-11
2.3050000000e+03     5.5637774849e-11    1.1249210005e-11    4.4388564843e-11
2.3100000000e+03     4.7950796851e-10    1.7649036650e-10    3.0301760200e-10
2.3150000000e+03     6.3974991254e-11    5.1604435942e-12    5.8814547660e-11
2.3200000000e+03     4.4305726895e-11    5.1604395884e-12    3.9145287306e-11
2.3250000000e+03     2.6534757428e-11    5.3587888663e-12    2.1175968562e-11
2.3300000000e+03     1.2081190257e-10    4.2803361126e-11    7.8008541447e-11
2.3350000000e+03     2.6554926012e-11    6.2377629351e-12    2.0317163077e-11
2.3400000000e+03     3.6994247097e-11    1.0157438091e-11    2.6836809006e-11
2.3450000000e+03     1.4096244807e-10    5.3188708620e-11    8.7773739451e-11
2.3500000000e+03     6.1860479139e-11    1.7800169433e-11    4.4060309706e-11
2.3550000000e+03     3.1027616777e-10    1.4977716674e-10    1.6049900103e-10
2.3600000000e+03     6.1784518663e-11    2.2157338752e-11    3.9627179911e-11
2.3650000000e+03     2.9596538075e-11    7.8003190016e-12    2.1796219073e-11
2.3700000000e+03     2.5380549731e-11    6.1588835194e-12    1.9221666211e-11
2.3750000000e+03     2.5656284489e-11    6.2340250030e-12    1.9422259486e-11
2.3800000000e+03     2.9816838660e-11    7.1680923511e-12    2.2648746309e-11
2.3850000000e+03     3.9560876680e-11    1.2833435854e-11    2.6727440827e-11
2.3900000000e+03     7.0394034759e-10    3.7684508038e-10    3.2709526722e-10
2.3950000000e+03     2.8069930253e-10    2.7240004150e-11    2.5345929838e-10
2.4000000000e+03     3.8420476777e-11    1.1119514632e-11    2.7300962145e-11
2.4050000000e+03     3.4586866877e-11    9.6952664786e-12    2.4891600399e-11
2.4100000000e+03     4.4437406927e-11    9.5612499111e-12    3.4876157016e-11
2.4150000000e+03     3.0402954554e-10    3.3948770754e-11    2.7008077479e-10
2.4200000000e+03     1.3384181700e-10    5.4156114886e-11    7.9685702118e-11
2.4250000000e+03     3.2307556064e-11    9.1158516657e-12    2.3191704399e-11
2.4300000000e+03     1.1704229853e-10    2.1435870480e-11    9.5606428046e-11
2.4350000000e+03     2.7734399698e-11    5.9250897946e-12    2.1809309903e-11
2.4400000000e+03     5.2282559230e-07    9.8355874473e-09    5.1299000485e-07
2.4450000000e+03     2.6368999434e-11    5.2593723889e-12    2.1109627045e-11
2.4500000000e+03     4.9591626785e-11    5.8260762815e-12    4.3765550504e-11
2.4550000000e+03     2.9618770582e-11    7.3997911043e-12    2.2218979477e-11
2.4600000000e+03     2.7778969489e-11    5.5526860230e-12    2.2226283466e-11
2.4650000000e+03     2.2482014284e-11    5.1947770073e-12    1.7287237277e-11
2.4700000000e+03     2.3368837736e-11    5.3609729938e-12    1.8007864742e-11
2.4750000000e+03     2.5816789817e-11    5.9791398333e-12    1.9837649983e-11
2.4800000000e+03     4.8995312667e-09    1.7416299633e-09    3.1579013034e-09
2.4850000000e+03     4.1629652784e-11    1.0101524495e-11    3.1528128289e-11
2.4900000000e+03     1.7635976089e-10    8.0885985169e-11    9.5473775718e-11
2.4950000000e+03     5.2041877815e-11    1.9530661350e-11    3.2511216466e-11
2.5000000000e+03     4.9391663810e-11    9.4288225594e-12    3.9962841251e-11
2.5050000000e+03     2.5535707186e-11    6.8324714971e-12    1.8703235689e-11
2.5100000000e+03     3.5728072584e-11    1.0072616149e-11    2.5655456435e-11
2.5150000000e+03     3.5295308919e-10    1.8786355676e-10    1.6508953244e-10
2.5200000000e+03     8.0068676346e-11    1.1896120781e-11    6.8172555565e-11
2.5250000000e+03     2.4015826238e-11    5.8193029202e-12    1.8196523318e-11
2.5300000000e+03     2.8950121861e-11    5.9184218324e-12    2.3031700028e-11
2.5350000000e+03     5.5352079004e-11    7.8629465635e-12    4.7489132441e-11
2.5400000000e+03     3.8825653577e-11    1.0332567716e-11    2.8493085861e-11
2.5450000000e+03     2.5054858380e-11    5.9486608080e-12    1.9106197572e-11
2.5500000000e+03     2.4013510713e-11    5.5062822097e-12    1.8507228503e-11
2.5550000000e+03     1.4432106902e-10    2.5242587054e-11    1.1907848197e-10
2.5600000000e+03     2.0664765573e-09    4.7011164557e-10    1.5963649118e-09
2.5650000000e+03     3.2225254408e-11    9.3402520595e-12    2.2885002349e-11
2.5700000000e+03     2.8656624793e-10    1.4940329433e-10    1.3716295359e-10
2.5750000000e+03     9.4725891058e-11    1.2126505612e-11    8.2599385446e-11
2.5800000000e+03     4.2751678550e-11    9.6385837860e-12    3.3113094764e-11
2.5850000000e+03     9.1195938878e-11    3.9792608911e-11    5.1403329967e-11
2.5900000000e+03     1.1990460609e-10    4.7918264916e-11    7.1986341175e-11
2.5950000000e+03     1.6505020103e-09    9.0502701356e-10    7.4547499676e-10
2.6000000000e+03     3.4074303253e-11    1.1402964427e-11    2.2671338826e-11
2.6050000000e+03     2.9366578322e-11    7.2859222333e-12    2.2080656089e-11
2.6100000000e+03     2.7944473986e-11    6.0458290681e-12    2.1898644918e-11
2.6150000000e+03     2.5482965249e-11    5.9973505621e-12    1.9485614687e-11
2.6200000000e+03     5.2731914719e-11    7.3910973385e-12    4.5340817381e-11
2.6250000000e+03     2.5803195753e-11    6.4282464194e-12    1.9374949334e-11
2.6300000000e+03     8.3564233845e-09    1.4997783798e-11    8.3414256007e-09
2.6350000000e+03     6.0720618492e-11    1.5146557346e-11    4.5574061146e-11
2.6400000000e+03     6.1345835141e-11    6.1903188165e-12    5.5155516324e-11
2.6450000000e+03     3.1123324620e-11    5.5427700783e-12    2.5580554542e-11
2.6500000000e+03     2.4024035340e-11    5.5328811100e-12    1.8491154230e-11
2.6550000000e+03     2.9191770965e-11    5.9266614781e-12    2.3265109487e-11
2.6600000000e+03     2.4688201336e-08    8.9364155917e-09    1.5751785744e-08
2.6650000000e+03     3.9386978090e-11    9.8495503366e-12    2.9537427753e-11
2.6700000000e+03     5.1034143584e-11    9.4236008100e-12    4.1610542774e-11
2.6750000000e+03     1.1307411620e-10    5.2194541598e-11    6.0879574604e-11
2.6800000000e+03     7.1372734939e-11    3.1561791336e-11    3.9810943603e-11
2.6850000000e+03     5.5803954565e-11    1.6570611891e-11    3.9233342674e-11
2.6900000000e+03     2.7420410291e-11    8.1527812570e-12    1.9267629034e-11
2.6950000000e+03     2.5135394793e-11    7.1967799206e-12    1.7938614872e-11
2.7000000000e+03     2.2518451046e-11    5.8706170598e-12    1.6647833986e-11
2.7050000000e+03     3.6657936039e-11    6.1887845169e-12    3.0469151522e-11
2.7100000000e+03     2.2956692618e-11    6.3615299658e-12    1.6595162652e-11
2.7150000000e+03     2.5315549958e-11    7.7712525033e-12    1.7544297455e-11
2.7200000000e+03     4.4599787054e-11    1.8129143357e-11    2.6470643697e-11
2.7250000000e+03     2.3306047975e-06    1.2984451991e-07    2.2007602776e-06
2.7300000000e+03     9.6012131673e-11    4.2219514782e-11    5.3792616892e-11
2.7350000000e+03     3.8491389831e-11    1.1991272469e-11    2.6500117362e-11
2.7400000000e+03     1.4628712401e-10    4.7025839156e-11    9.9261284858e-11
2.7450000000e+03     6.5802206831e-11    2.8852558376e-11    3.6949648455e-11
2.7500000000e+03     1.3927647679e-09    7.4918003245e-10    6.4358473546e-10
2.7550000000e+03     6.8612762570e-11    2.0495460749e-11    4.8117301820e-11
2.7600000000e+03     5.0073626716e-11    9.7636250013e-12    4.0310001714e-11
2.7650000000e+03     3.7693004983e-11    1.0086228973e-11    2.7606776010e-11
2.7700000000e+03     2.1922827575e-10    1.1420809025e-10    1.0502018550e-10
2.7750000000e+03     1.1400125040e-10    4.0868189975e-11    7.3133060423e-11
2.7800000000e+03     1.7244306096e-10    1.5732969679e-11    1.5671009128e-10
2.7850000000e+03     2.0041517738e-10    5.7937909091e-12    1.9462138647e-10
2.7900000000e+03     2.2960840753e-11    5.5703804623e-12    1.7390460290e-11
2.7950000000e+03     2.2374817246e-11    5.5347272028e-12    1.6840090044e-11
2.8000000000e+03     2.9100882660e-10    5.3053828230e-11    2.3795499837e-10
2.8050000000e+03     3.7674339733e-11    6.9675572626e-12    3.0706782470e-11
2.8100000000e+03     6.8233614440e-11    3.0257712480e-11    3.7975901960e-11
2.8150000000e+03     4.1614116709e-11    5.9801808053e-12    3.5633935904e-11
2.8200000000e+03     3.9034420253e-11    5.6278986147e-12    3.3406521638e-11
2.8250000000e+03     2.5196460310e-11    6.6001802398e-12    1.8596280070e-11
2.8300000000e+03     2.6650589813e-11    6.5417747450e-12    2.0108815068e-11
2.8350000000e+03     3.0835554114e-10    6.8661776265e-12    3.0148936352e-10
2.8400000000e+03     3.8462991291e-10    1.3871936060e-10    2.4591055231e-10
2.8450000000e+03     2.7598407912e-11    6.7529679042e-12    2.0845440008e-11
2.8500000000e+03     3.3801691582e-11    7.0636282059e-12    2.6738063377e-11
2.8550000000e+03     3.1664198778e-11    9.7094436482e-12    2.1954755130e-11
2.8600000000e+03     1.7253082690e-10    8.3994952001e-11    8.8535874899e-11
2.8650000000e+03     1.0374737806e-10    4.4845075495e-11    5.8902302566e-11
2.8700000000e+03     8.3289419220e-11    3.9050562543e-11    4.4238856677e-11
2.8750000000e+03     2.2165093246e-10    1.6320046764e-11    2.0533088569e-10
2.8800000000e+03     8.6607273405e-11    3.7580739949e-11    4.9026533456e-11
2.8850000000e+03     2.7755245392e-11    8.6288878842e-12    1.9126357508e-11
2.8900000000e+03     3.3199446994e-11    1.1926048334e-11    2.1273398660e-11
2.8950000000e+03     3.6096355421e-11    1.0524234546e-11    2.5572120875e-11
2.9000000000e+03     4.7067127894e-11    1.0435080658e-11    3.6632047236e-11
2.9050000000e+03     7.7778600050e-11    3.6305229928e-11    4.1473370122e-11
2.9100000000e+03     3.7853682485e-10    2.0119160261e-10    1.7734522224e-10
2.9150000000e+03     5.3168193517e-10    2.8708840325e-10    2.4459353192e-10
2.9200000000e+03     4.6927741506e-11    7.9515991212e-12    3.8976142384e-11
2.9250000000e+03     7.0317674186e-11    9.7491079367e-12    6.0568566249e-11
2.9300000000e+03     5.2254899752e-11    6.6030615721e-12    4.5651838180e-11
2.9350000000e+03     6.0889465825e-11    9.8953952128e-12    5.0994070613e-11
2.9400000000e+03     3.0217298534e-11    6.6070512340e-12    2.3610247300e-11
2.9450000000e+03     1.6742411216e-09    8.7804019692e-10    7.9620092471e-10
2.9500000000e+03     4.5302115577e-10    3.3041295284e-11    4.1997986049e-10
2.9550000000e+03     2.6052052642e-11    7.1214084885e-12    1.8930644154e-11
2.9600000000e+03     3.1367267721e-11    1.0514821984e-11    2.0852445737e-11
2.9650000000e+03     9.2160851559e-10    4.9684539423e-10    4.2476312136e-10
2.9700000000e+03     8.0718177462e-11    1.5679557843e-11    6.5038619619e-11
2.9750000000e+03     2.5314731219e-11    7.2508014131e-12    1.8063929806e-11
2.9800000000e+03     2.4309546308e-11    6.3169846198e-12    1.7992561688e-11
2.9850000000e+03     3.7904981286e-11    6.3908514226e-12    3.1514129864e-11
2.9900000000e+03     4.4304647535e-11    6.7904265051e-12    3.7514221029e-11
2.9950000000e+03     3.0183392121e-11    8.7308994282e-12    2.1452492693e-11
3.0000000000e+03     6.1188847837e-09    3.3449456019e-09    2.7739391817e-09
3.0050000000e+03     5.1878697915e-11    2.2752003146e-11    2.9126694769e-11
3.0100000000e+03     2.3219193022e-10    1.2242820378e-10    1.0976372643e-10
3.0150000000e+03     4.0181001418e-11    1.1217554974e-11    2.8963446444e-11
3.0200000000e+03     5.3719467928e-11    9.1385905376e-12    4.4580877391e-11
3.0250000000e+03     2.3114126746e-11    6.4964863274e-12    1.6617640419e-11
3.0300000000e+03     2.6453184648e-11    7.6717005545e-12    1.8781484093e-11
3.0350000000e+03     1.5056817404e-09    5.2432702876e-10    9.8135471167e-10
3.0400000000e+03     6.3768302077e-11    1.1468476039e-11    5.2299826038e-11
3.0450000000e+03     2.4851648454e-11    6.4459386932e-12    1.8405709761e-11
3.0500000000e+03     2.7464567790e-11    6.1240742387e-12    2.1340493551e-11
3.0550000000e+03     2.4922142120e-11    5.9246931590e-12    1.8997448961e-11
3.0600000000e+03     1.7605612329e-10    1.2412644061e-11    1.6364347923e-10
3.0650000000e+03     3.0482047815e-11    9.8500183783e-12    2.0632029437e-11
3.0700000000e+03     6.3414837288e-11    2.8373828868e-11    3.5041008420e-11
3.0750000000e+03     5.9218286899e-11    2.5527213788e-11    3.3691073111e-11
3.0800000000e+03     1.9990320453e-10    7.4938562779e-11    1.2496464175e-10
3.0850000000e+03     2.8122723090e-11    9.3711791884e-12    1.8751543902e-11
3.0900000000e+03     2.3383436530e-11    6.7423518794e-12    1.6641084650e-11
3.0950000000e+03     2.3806969130e-11    6.7746030435e-12    1.7032366086e-11
3.1000000000e+03     3.2750928309e-11    1.1548299008e-11    2.1202629302e-11
3.1050000000e+03     9.9640219906e-11    4.5562012043e-11    5.4078207864e-11
3.1100000000e+03     2.5528536387e-11    7.5194284256e-12    1.8009107961e-11
3.1150000000e+03     2.1838128392e-11    5.7929424786e-12    1.6045185914e-11
3.1200000000e+03     2.1272511338e-11    5.4953601866e-12    1.5777151151e-11
3.1250000000e+03     2.1002861580e-11    5.3543301653e-12    1.5648531415e-11
3.1300000000e+03     2.1867275650e-11    5.7003442395e-12    1.6166931410e-11
3.1350000000e+03     4.1058664485e-11    1.2705420434e-11    2.8353244052e-11
3.1400000000e+03     2.3141377526e-11    6.2210753838e-12    1.6920302142e-11
3.1450000000e+03     2.1801957793e-11    5.7204410713e-12    1.6081516722e-11
3.1500000000e+03     2.0843282904e-11    5.3972966926e-12    1.5445986211e-11
3.1550000000e+03     2.1560886239e-11    5.7901239801e-12    1.5770762259e-11
3.1600000000e+03     3.2061159444e-11    1.0635108807e-11    2.1426050636e-11
3.1650000000e+03     6.4789803516e-11    2.9750895971e-11    3.5038907546e-11
3.1700000000e+03     2.1728028008e-11    6.0588283617e-12    1.5669199647e-11
3.1750000000e+03     2.0656315606e-11    5.4943487736e-12    1.5161966832e-11
3.1800000000e+03     2.0654914066e-11    5.4655176345e-12    1.5189396432e-11
3.1850000000e+03     2.2440954905e-11    6.4440772021e-12    1.5996877703e-11
3.1900000000e+03     6.7427314273e-10    3.6554832809e-10    3.0872481464e-10
3.1950000000e+03     2.3107723953e-11    6.7357468078e-12    1.6371977145e-11
3.2000000000e+03     2.1180888432e-11    5.5560994355e-12    1.5624788997e-11
3.2050000000e+03     2.1080557607e-11    5.4617010549e-12    1.5618856552e-11
3.2100000000e+03     2.8716372039e-11    8.6305661849e-12    2.0085805854e-11
3.2150000000e+03     3.3535399146e-10    1.1554210461e-10    2.1981188685e-10
3.2200000000e+03     2.6350988829e-11    7.8640625504e-12    1.8486926278e-11
3.2250000000e+03     5.8600921184e-10    3.1190175641e-10    2.7410745543e-10
3.2300000000e+03     2.4240828753e-11    6.7969345908e-12    1.7443894163e-11
3.2350000000e+03     2.2554196090e-11    5.6309125531e-12    1.6923283537e-11
3.2400000000e+03     2.5483762504e-11    5.8483649825e-12    1.9635397521e-11
3.2450000000e+03     5.3594415872e-11    6.8323110970e-12    4.6762104775e-11
3.2500000000e+03     4.6320392746e-11    1.7304731795e-11    2.9015660951e-11
3.2550000000e+03     1.3231263257e-09    3.8167357304e-11    1.2849589684e-09
3.2600000000e+03     8.4934658362e-11    7.9382672402e-12    7.6996391122e-11
3.2650000000e+03     2.6282911237e-11    6.8190830188e-12    1.9463828218e-11
3.2700000000e+03     2.8285459169e-11    8.1472559538e-12    2.0138203216e-11
3.2750000000e+03     2.2021064554e-09    8.0617968325e-10    1.3959267722e-09
3.2800000000e+03     6.4564805054e-11    2.8195667112e-11    3.6369137942e-11
3.2850000000e+03     1.0430950882e-10    5.0223941107e-11    5.4085567710e-11
3.2900000000e+03     3.3783255275e-11    1.0018348502e-11    2.3764906773e-11
3.2950000000e+03     3.8678133664e-11    6.0327283444e-12    3.2645405320e-11
3.3000000000e+03     3.0301687374e-10    5.3447664763e-12    2.9767210726e-10
3.3050000000e+03     2.3993635753e-11    5.5365567959e-12    1.8457078957e-11
3.3100000000e+03     4.5129252588e-11    1.3271356302e-11    3.1857896285e-11
3.3150000000e+03     2.1460606192e-11    5.0513624081e-12    1.6409243784e-11
3.3200000000e+03     2.1058428851e-11    4.9429284672e-12    1.6115500383e-11
3.3250000000e+03     2.0741848478e-11    4.8096461788e-12    1.5932202299e-11
3.3300000000e+03     2.0813906846e-11    4.8738384727e-12    1.5940068373e-11
3.3350000000e+03     2.1042350730e-11    4.8240104818e-12    1.6218340248e-11
3.3400000000e+03     2.8348998059e-11    4.8613387465e-12    2.3487659313e-11
3.3450000000e+03     2.2924842298e-11    4.8072041245e-12    1.8117638173e-11
3.3500000000e+03     2.0556676228e-11    4.8993441552e-12    1.5657332073e-11
3.3550000000e+03     2.0346531981e-11    4.9086521109e-12    1.5437879870e-11
3.3600000000e+03     2.0342066152e-11    5.0199215209e-12    1.5322144631e-11
3.3650000000e+03     2.0474677796e-11    5.1409524838e-12    1.5333725312e-11
3.3700000000e+03     2.0765901669e-11    5.2385543972e-12    1.5527347272e-11
3.3750000000e+03     2.1903483856e-11    5.7220211746e-12    1.6181462681e-11
3.3800000000e+03     2.5968336682e-11    7.1058128263e-12    1.8862523856e-11
3.3850000000e+03     2.5438790521e-07    8.8218338785e-08    1.6616956643e-07
3.3900000000e+03     9.1940015718e-10    3.3084594205e-10    5.8855421513e-10
3.3950000000e+03     4.2150153187e-11    1.2219670677e-11    2.9930482510e-11
3.4000000000e+03     3.3987770082e-11    6.5448078226e-12    2.7442962259e-11
3.4050000000e+03     2.2727897473e-11    5.9250253229e-12    1.6802872150e-11
3.4100000000e+03     2.1874107295e-11    5.7991285900e-12    1.6074978705e-11
3.4150000000e+03     2.4165024678e-11    7.1239810232e-12    1.7041043655e-11
3.4200000000e+03     1.3957727957e-10    7.0817483800e-11    6.8759795772e-11
3.4250000000e+03     2.8942485443e-11    9.5915848852e-12    1.9350900558e-11
3.4300000000e+03     2.5960043301e-11    7.1247391128e-12    1.8835304188e-11
3.4350000000e+03     2.1530474624e-11    5.4312557143e-12    1.6099218910e-11
3.4400000000e+03     2.1988456049e-11    5.4579409879e-12    1.6530515061e-11
3.4450000000e+03     2.6998722384e-11    7.2002278658e-12    1.9798494519e-11
3.4500000000e+03     3.5423433582e-11    1.0239562163e-11    2.5183871419e-11
3.4550000000e+03     2.5408513096e-11    6.4984029566e-12    1.8910110139e-11
3.4600000000e+03     5.4362732909e-11    8.4517657235e-12    4.5910967186e-11
3.4650000000e+03     1.2595307838e-10    6.1958153929e-11    6.3994924455e-11
3.4700000000e+03     3.7162068509e-11    1.3450281623e-11    2.3711786885e-11
3.4750000000e+03     2.4255399645e-11    6.3160069800e-12    1.7939392665e-11
3.4800000000e+03     2.2488015633e-11    5.3163903657e-12    1.7171625267e-11
3.4850000000e+03     2.2046487358e-11    5.0694527296e-12    1.6977034629e-11
3.4900000000e+03     2.1847917140e-11    4.9007050825e-12    1.6947212058e-11
3.4950000000e+03     2.1859398087e-11    4.8823444607e-12    1.6977053627e-11
3.5000000000e+03     2.1866953139e-11    4.8380355480e-12    1.7028917591e-11
3.5050000000e+03     2.2126883044e-11    4.9163321394e-12    1.7210550905e-11
3.5100000000e+03     2.1933621982e-11    4.8433297929e-12    1.7090292189e-11
3.5150000000e+03     2.1772385984e-11    4.7831072257e-12    1.6989278759e-11
3.5200000000e+03     2.2348135965e-11    4.8439529944e-12    1.7504182971e-11
3.5250000000e+03     3.8400400127e-11    5.6238251428e-12    3.2776574984e-11
3.5300000000e+03     2.3184556743e-11    4.9258819345e-12    1.8258674809e-11
3.5350000000e+03     2.1886148978e-11    4.8298627175e-12    1.7056286260e-11
3.5400000000e+03     2.1849706209e-11    4.9127957249e-12    1.6936910485e-11
3.5450000000e+03     2.1755917327e-11    4.9333907951e-12    1.6822526532e-11
3.5500000000e+03     2.2206802813e-11    5.1917030531e-12    1.7015099759e-11
3.5550000000e+03     2.3438367622e-11    5.8645813801e-12    1.7573786242e-11
3.5600000000e+03     3.3308341781e-11    1.1358549563e-11    2.1949792218e-11
3.5650000000e+03     6.9091175332e-11    3.1086038435e-11    3.8005136897e-11
3.5700000000e+03     2.4636422182e-11    6.5690188364e-12    1.8067403345e-11
3.5750000000e+03     2.3020904675e-11    5.6277827044e-12    1.7393121971e-11
3.5800000000e+03     2.4303085131e-11    5.9434411458e-12    1.8359643986e-11
3.5850000000e+03     2.3622736925e-10    8.2477201018e-11    1.5375016824e-10
3.5900000000e+03     3.3289788938e-11    6.7761097690e-12    2.6513679169e-11
3.5950000000e+03     2.2980961833e-11    5.4430531034e-12    1.7537908730e-11
3.6000000000e+03     2.2931632935e-11    5.6032073116e-12    1.7328425623e-11
3.6050000000e+03     2.6220527736e-11    7.5577265438e-12    1.8662801192e-11
3.6100000000e+03     2.4283379546e-08    1.3414377071e-08    1.0869002475e-08
3.6150000000e+03     2.5561229547e-11    7.1867744750e-12    1.8374455072e-11
3.6200000000e+03     2.2169930778e-11    5.4394325349e-12    1.6730498243e-11
3.6250000000e+03     2.1592624744e-11    5.0743825728e-12    1.6518242172e-11
3.6300000000e+03     2.1547961641e-11    5.0387401577e-12    1.6509221483e-11
3.6350000000e+03     2.1276916365e-11    4.9201592028e-12    1.6356757163e-11
3.6400000000e+03     2.1654149961e-11    4.9722637006e-12    1.6681886260e-11
3.6450000000e+03     3.0230889277e-11    5.3251027279e-12    2.4905786549e-11
3.6500000000e+03     2.2205812594e-11    4.9519401750e-12    1.7253872419e-11
3.6550000000e+03     2.0979070492e-11    4.8230436020e-12    1.6156026889e-11
3.6600000000e+03     2.1036657113e-11    4.9202819433e-12    1.6116375169e-11
3.6650000000e+03     2.0996978232e-11    4.9129266225e-12    1.6084051609e-11
3.6700000000e+03     2.1959449864e-11    5.3196309412e-12    1.6639818923e-11
3.6750000000e+03     6.6400833498e-11    2.1358141043e-11    4.5042692455e-11
3.6800000000e+03     2.3389529931e-11    5.8340690184e-12    1.7555460912e-11
3.6850000000e+03     2.1273581957e-11    5.1443290339e-12    1.6129252923e-11
3.6900000000e+03     2.0913510906e-11    4.9933884839e-12    1.5920122422e-11
3.6950000000e+03     2.0943951313e-11    5.0083693043e-12    1.5935582009e-11
3.7000000000e+03     2.1346248219e-11    5.0855486151e-12    1.6260699604e-11
3.7050000000e+03     2.3299226270e-11    5.4592450669e-12    1.7839981203e-11
3.7100000000e+03     2.1173141905e-11    5.1985248365e-12    1.5974617069e-11
3.7150000000e+03     2.1218932422e-11    5.1881411676e-12    1.6030791254e-11
3.7200000000e+03     2.1478867032e-11    5.2938560090e-12    1.6185011023e-11
3.7250000000e+03     2.2241701422e-11    5.5721331090e-12    1.6669568313e-11
3.7300000000e+03     2.3424175248e-11    6.0727941253e-12    1.7351381122e-11
3.7350000000e+03     2.6150815297e-11    6.9914634304e-12    1.9159351866e-11
3.7400000000e+03     5.1082692731e-11    1.1118659933e-11    3.9964032798e-11
3.7450000000e+03     8.8131197368e-10    2.2045439376e-10    6.6085757991e-10
3.7500000000e+03     9.1641393183e-11    3.6138731216e-11    5.5502661967e-11
3.7550000000e+03     3.9344055609e-11    1.3035716805e-11    2.6308338804e-11
3.7600000000e+03     3.4032742546e-11    7.9750139931e-12    2.6057728553e-11
3.7650000000e+03     3.3551488696e-10    5.4673488390e-11    2.8084139857e-10
3.7700000000e+03     1.1503506787e-10    5.3419378136e-11    6.1615689731e-11
3.7750000000e+03     1.0864663804e-10    3.9105597843e-11    6.9541040194e-11
3.7800000000e+03     3.2052530502e-11    9.6213684401e-12    2.2431162062e-11
3.7850000000e+03     4.2902693500e-11    1.5504102503e-11    2.7398590998e-11
3.7900000000e+03     2.5938852089e-10    1.3307770733e-10    1.2631081356e-10
3.7950000000e+03     9.2901578153e-11    3.6275698484e-11    5.6625879670e-11
3.8000000000e+03     3.3579128159e-11    9.8332677398e-12    2.3745860419e-11
3.8050000000e+03     2.8322187419e-11    6.9932273536e-12    2.1328960065e-11
3.8100000000e+03     3.5126569627e-11    8.3624535430e-12    2.6764116084e-11
3.8150000000e+03     6.7322052960e-11    6.1219303060e-12    6.1200122654e-11
3.8200000000e+03     2.7231352969e-11    5.3893412621e-12    2.1842011707e-11
3.8250000000e+03     5.3654016226e-11    5.6418295279e-12    4.8012186698e-11
3.8300000000e+03     2.7448865146e-11    5.2119546965e-12    2.2236910450e-11
3.8350000000e+03     2.5353831693e-11    5.1175367121e-12    2.0236294981e-11
3.8400000000e+03     2.5465987721e-11    5.2996828367e-12    2.0166304884e-11
3.8450000000e+03     2.8003880785e-11    6.2710904732e-12    2.1732790311e-11
3.8500000000e+03     2.8800445533e-11    6.8779090849e-12    2.1922536448e-11
3.8550000000e+03     1.7043676801e-09    9.3295058912e-10    7.7141709101e-10
3.8600000000e+03     5.4902160927e-11    7.7038444154e-12    4.7198316511e-11
3.8650000000e+03     2.6908077216e-11    5.3163139106e-12    2.1591763305e-11
3.8700000000e+03     2.4564938622e-11    4.9607744327e-12    1.9604164190e-11
3.8750000000e+03     2.4029893549e-11    4.9183333813e-12    1.9111560167e-11
3.8800000000e+03     2.3722826898e-11    4.7886391103e-12    1.8934187788e-11
3.8850000000e+03     2.4216269820e-11    4.8917294684e-12    1.9324540351e-11
3.8900000000e+03     3.1406764385e-11    5.3520929116e-12    2.6054671474e-11
3.8950000000e+03     2.6238523010e-11    5.0573130830e-12    2.1181209927e-11
3.9000000000e+03     2.4188162553e-11    4.8370870250e-12    1.9351075528e-11
3.9050000000e+03     9.9805819199e-11    4.9047676403e-12    9.4901051559e-11
3.9100000000e+03     2.4426426153e-11    4.9746752061e-12    1.9451750947e-11
3.9150000000e+03     3.1485714748e-11    6.4045644727e-12    2.5081150276e-11
3.9200000000e+03     2.4930937749e-11    5.2941694649e-12    1.9636768284e-11
3.9250000000e+03     2.3116732463e-11    5.3494345425e-12    1.7767297921e-11
3.9300000000e+03     2.4901808477e-11    6.4830089273e-12    1.8418799549e-11
3.9350000000e+03     5.1919895777e-11    2.1431353071e-11    3.0488542706e-11
3.9400000000e+03     1.6622093516e-10    3.8844530828e-11    1.2737640433e-10
3.9450000000e+03     4.8366365491e-11    1.9499803596e-11    2.8866561895e-11
3.9500000000e+03     2.3861467398e-11    6.2685871714e-12    1.7592880227e-11
3.9550000000e+03     2.2142779611e-11    5.2922682532e-12    1.6850511358e-11
3.9600000000e+03     2.1955264038e-11    5.1366029149e-12    1.6818661123e-11
3.9650000000e+03     2.1991002537e-11    5.1786805803e-12    1.6812321956e-11
3.9700000000e+03     2.2599439786e-11    5.3355570664e-12    1.7263882719e-11
3.9750000000e+03     2.3352994993e-11    5.9702953842e-12    1.7382699609e-11
3.9800000000e+03     1.3266577883e-10    6.6478207521e-11    6.6187571309e-11
3.9850000000e+03     2.4661350059e-11    6.6453942928e-12    1.8015955766e-11
3.9900000000e+03     2.2481086421e-11    5.3047488802e-12    1.7176337541e-11
3.9950000000e+03     2.2294415133e-11    5.2719925468e-12    1.7022422586e-11
4.0000000000e+03     2.4036866601e-11    6.1705040016e-12    1.7866362599e-11
4.0050000000e+03     6.8689278194e-10    3.7234219604e-10    3.1455058590e-10
4.0100000000e+03     2.3724677849e-11    5.7724905080e-12    1.7952187341e-11
4.0150000000e+03     2.2605062017e-11    5.1350157957e-12    1.7470046221e-11
4.0200000000e+03     2.2751829617e-11    5.1081529483e-12    1.7643676669e-11
4.0250000000e+03     2.2681120939e-11    5.0390971039e-12    1.7642023835e-11
4.0300000000e+03     2.3335532521e-11    5.3183631703e-12    1.8017169351e-11
4.0350000000e+03     3.6904270478e-11    1.0941426548e-11    2.5962843930e-11
4.0400000000e+03     2.5022983776e-11    5.9910816145e-12    1.9031902162e-11
4.0450000000e+03     2.5959265402e-11    6.5938544815e-12    1.9365410920e-11
4.0500000000e+03     3.8703289011e-10    2.0490145451e-10    1.8213143560e-10
4.0550000000e+03     2.5812043681e-11    6.4876122465e-12    1.9324431435e-11
4.0600000000e+03     2.5416555356e-11    6.2151590211e-12    1.9201396335e-11
4.0650000000e+03     2.7179573603e-11    7.1267697748e-12    2.0052803829e-11
4.0700000000e+03     3.2988220462e-11    1.0214137802e-11    2.2774082660e-11
4.0750000000e+03     7.3990726010e-11    3.2719741375e-11    4.1270984634e-11
4.0800000000e+03     6.4015057345e-10    3.4473465526e-10    2.9541591819e-10
4.0850000000e+03     4.4498613085e-11    1.5826336271e-11    2.8672276814e-11
4.0900000000e+03     3.4904582609e-11    7.9961420906e-12    2.6908440519e-11
4.0950000000e+03     1.1863463553e-10    6.2962373221e-12    1.1233839821e-10
4.1000000000e+03     2.8749744817e-11    5.6168339377e-12    2.3132910879e-11
4.1050000000e+03     3.2158384639e-11    5.3391921411e-12    2.6819192498e-11
4.1100000000e+03     1.4850190872e-10    5.3433524745e-12    1.4315855625e-10
4.1150000000e+03     4.2841067299e-11    5.4812236098e-12    3.7359843689e-11
4.1200000000e+03     2.7595601765e-11    6.0511004838e-12    2.1544501281e-11
4.1250000000e+03     3.3480321543e-11    9.9630021489e-12    2.3517319394e-11
4.1300000000e+03     7.4432880511e-11    3.2633805442e-11    4.1799075069e-11
4.1350000000e+03     8.1112203560e-11    3.1757498137e-11    4.9354705424e-11
4.1400000000e+03     4.9224525192e-11    1.8309995145e-11    3.0914530046e-11
4.1450000000e+03     3.4359736862e-11    6.3803376098e-12    2.7979399252e-11
4.1500000000e+03     5.0923469602e-11    5.4888884151e-12    4.5434581186e-11
4.1550000000e+03     2.5691857224e-11    5.1701564891e-12    2.0521700735e-11
4.1600000000e+03     2.4614159057e-11    5.2034681752e-12    1.9410690882e-11
4.1650000000e+03     2.5047535872e-11    5.4912530000e-12    1.9556282872e-11
4.1700000000e+03     2.7089113902e-11    5.9405466312e-12    2.1148567271e-11
4.1750000000e+03     6.5715112341e-08    7.8024482128e-12    6.5707309893e-08
4.1800000000e+03     5.4927676896e-11    2.1322588845e-11    3.3605088051e-11
4.1850000000e+03     3.3353141981e-10    1.7570935354e-10    1.5782206627e-10
4.1900000000e+03     3.5108456407e-11    1.0905204698e-11    2.4203251709e-11
4.1950000000e+03     2.7726217681e-11    6.6733584753e-12    2.1052859206e-11
4.2000000000e+03     2.8060419866e-11    5.7433392216e-12    2.2317080644e-11
4.2050000000e+03     2.5768753349e-09    5.8681068316e-12    2.5710072281e-09
4.2100000000e+03     3.4409809752e-11    8.9946132551e-12    2.5415196497e-11
4.2150000000e+03     9.6253382268e-11    4.4211867705e-11    5.2041514563e-11
4.2200000000e+03     2.6820695626e-11    6.1683825152e-12    2.0652313111e-11
4.2250000000e+03     2.4724126676e-11    5.0221587527e-12    1.9701967923e-11
4.2300000000e+03     2.4499868764e-11    4.8165073309e-12    1.9683361433e-11
4.2350000000e+03     2.4364346331e-11    4.6943452211e-12    1.9670001109e-11
4.2400000000e+03     2.4305767375e-11    4.6904672850e-12    1.9615300090e-11
4.2450000000e+03     2.4341750561e-11    4.6491517453e-12    1.9692598815e-11
4.2500000000e+03     2.4645697306e-11    4.7485345555e-12    1.9897162750e-11
4.2550000000e+03     2.4712050240e-11    4.7239083508e-12    1.9988141890e-11
4.2600000000e+03     2.4927885693e-11    4.7035991690e-12    2.0224286524e-11
4.2650000000e+03     2.5915865432e-11    4.7675339724e-12    2.1148331460e-11
4.2700000000e+03     3.7199546963e-11    4.8957824955e-12    3.2303764467e-11
4.2750000000e+03     3.5235917109e-11    5.7308427962e-12    2.9505074313e-11
4.2800000000e+03     1.5335537690e-09    5.1968299363e-10    1.0138707754e-09
4.2850000000e+03     2.7241701044e-11    5.5899519833e-12    2.1651749060e-11
4.2900000000e+03     2.5349455952e-11    5.0471891359e-12    2.0302266816e-11
4.2950000000e+03     2.4946545247e-11    5.0245755294e-12    1.9921969718e-11
4.3000000000e+03     2.5085305764e-11    5.1480767199e-12    1.9937229044e-11
4.3050000000e+03     2.6334244667e-11    5.8401616678e-12    2.0494082999e-11
4.3100000000e+03     3.8036091147e-11    1.2488304224e-11    2.5547786923e-11
4.3150000000e+03     5.7157717952e-11    2.3064282046e-11    3.4093435906e-11
4.3200000000e+03     2.6446918256e-11    6.1547735150e-12    2.0292144741e-11
4.3250000000e+03     2.4690197465e-11    5.2735444413e-12    1.9416653024e-11
4.3300000000e+03     2.4726190458e-11    5.2426022788e-12    1.9483588179e-11
4.3350000000e+03     2.5139500394e-11    5.3494358387e-12    1.9790064555e-11
4.3400000000e+03     3.0335692177e-11    6.8457624385e-12    2.3489929738e-11
4.3450000000e+03     5.8638059985e-11    1.1210537413e-11    4.7427522572e-11
4.3500000000e+03     3.2917947748e-11    7.3874239049e-12    2.5530523843e-11
4.3550000000e+03     4.6750209622e-10    2.4921876827e-10    2.1828332795e-10
4.3600000000e+03     2.9022264253e-11    7.8827801770e-12    2.1139484076e-11
4.3650000000e+03     2.4889683174e-11    5.7036638069e-12    1.9186019367e-11
4.3700000000e+03     2.4342957687e-11    5.4499120628e-12    1.8893045625e-11
4.3750000000e+03     2.5083847608e-11    5.9473227564e-12    1.9136524852e-11
4.3800000000e+03     3.4565393760e-11    1.1058662748e-11    2.3506731012e-11
4.3850000000e+03     4.5439811091e-11    1.7111876645e-11    2.8327934446e-11
4.3900000000e+03     2.5540904288e-11    6.1115648541e-12    1.9429339434e-11
4.3950000000e+03     2.4920560656e-11    5.8057881759e-12    1.9114772480e-11
4.4000000000e+03     2.7370734757e-11    7.1003053479e-12    2.0270429409e-11
4.4050000000e+03     1.1240197479e-07    6.1997680963e-08    5.0404293824e-08
4.4100000000e+03     2.7266510070e-11    6.9568879128e-12    2.0309622157e-11
4.4150000000e+03     2.5071492839e-11    5.5026191161e-12    1.9568873723e-11
4.4200000000e+03     2.7166852711e-11    5.5627611011e-12    2.1604091610e-11
4.4250000000e+03     1.0781828844e-10    9.6442190551e-12    9.8174069381e-11
4.4300000000e+03     3.2040792056e-11    8.8024538426e-12    2.3238338214e-11
4.4350000000e+03     8.7807411484e-11    3.9984618944e-11    4.7822792540e-11
4.4400000000e+03     2.6945061348e-11    6.4594664756e-12    2.0485594872e-11
4.4450000000e+03     2.5769615094e-11    5.6905918432e-12    2.0079023251e-11
4.4500000000e+03     2.6724963647e-11    5.8217414650e-12    2.0903222182e-11
4.4550000000e+03     3.3472705284e-11    6.5436435334e-12    2.6929061751e-11
4.4600000000e+03     4.4976561536e-11    1.0138112099e-11    3.4838449437e-11
4.4650000000e+03     3.2164699258e-10    1.6396413582e-10    1.5768285676e-10
4.4700000000e+03     4.7866681398e-11    1.7191641211e-11    3.0675040187e-11
4.4750000000e+03     3.2575105582e-11    7.4029863598e-12    2.5172119222e-11
4.4800000000e+03     4.5317052284e-11    6.1343393344e-12    3.9182712950e-11
4.4850000000e+03     3.4474675266e-11    6.0840786008e-12    2.8390596665e-11
4.4900000000e+03     3.1949217736e-11    7.1607520161e-12    2.4788465720e-11
4.4950000000e+03     7.0012284948e-11    2.7872337121e-11    4.2139947827e-11
4.5000000000e+03     4.9732831493e-11    1.5330354777e-11    3.4402476716e-11
4.5050000000e+03     2.7078009419e-11    6.3238178006e-12    2.0754191619e-11
4.5100000000e+03     2.5196933589e-11    5.4517491595e-12    1.9745184429e-11
4.5150000000e+03     2.5203010304e-11    5.2248887359e-12    1.9978121568e-11
4.5200000000e+03     4.2701267821e-11    5.2377034984e-12    3.7463564322e-11
4.5250000000e+03     2.6522894575e-11    5.3564274138e-12    2.1166467162e-11
4.5300000000e+03     2.6933258496e-11    6.0901024506e-12    2.0843156045e-11
4.5350000000e+03     2.2435874964e-10    1.1163462100e-10    1.1272412864e-10
4.5400000000e+03     3.0776885189e-11    6.5622165714e-12    2.4214668617e-11
4.5450000000e+03     2.4634310984e-11    5.2388886082e-12    1.9395422376e-11
4.5500000000e+03     2.4141985374e-11    5.0790583747e-12    1.9062926999e-11
4.5550000000e+03     2.4549998684e-11    5.0782668358e-12    1.9471731848e-11
4.5600000000e+03     2.8954511144e-11    5.1894682883e-12    2.3765042856e-11
4.5650000000e+03     1.1716163845e-10    1.0228009030e-11    1.0693362942e-10
4.5700000000e+03     4.0362424880e-11    1.3442731759e-11    2.6919693121e-11
4.5750000000e+03     2.7818118463e-11    7.0403809063e-12    2.0777737556e-11
4.5800000000e+03     2.4427388068e-11    5.2760361688e-12    1.9151351899e-11
4.5850000000e+03     2.4040877235e-11    5.0763643202e-12    1.8964512915e-11
4.5900000000e+03     2.4032208598e-11    4.9863692323e-12    1.9045839366e-11
4.5950000000e+03     2.4255003891e-11    4.9894524831e-12    1.9265551407e-11
4.6000000000e+03     2.4815141854e-11    5.0239421171e-12    1.9791199737e-11
4.6050000000e+03     5.1371311986e-11    6.3006021842e-12    4.5070709801e-11
4.6100000000e+03     2.5987550859e-11    5.2409113547e-12    2.0746639504e-11
4.6150000000e+03     2.7201610763e-11    6.3043672412e-12    2.0897243522e-11
4.6200000000e+03     3.7311347370e-11    1.1971296729e-11    2.5340050642e-11
4.6250000000e+03     2.5580941916e-11    5.3067063752e-12    2.0274235540e-11
4.6300000000e+03     2.7979847524e-11    5.4731246927e-12    2.2506722831e-11
4.6350000000e+03     2.6304203369e-11    5.1115544298e-12    2.1192648939e-11
4.6400000000e+03     2.7059375006e-11    5.0074396581e-12    2.2051935348e-11
4.6450000000e+03     1.4546967457e-09    7.2862687905e-12    1.4474104769e-09
4.6500000000e+03     2.6633649483e-11    4.9899037813e-12    2.1643745702e-11
4.6550000000e+03     2.5460549281e-11    4.8725049678e-12    2.0588044313e-11
4.6600000000e+03     2.5409855831e-11    4.9049682585e-12    2.0504887573e-11
4.6650000000e+03     2.5376248065e-11    4.8857446116e-12    2.0490503453e-11
4.6700000000e+03     2.5672655170e-11    4.8564166226e-12    2.0816238547e-11
4.6750000000e+03     4.4478830641e-11    5.8684273290e-12    3.8610403312e-11
4.6800000000e+03     2.6017244360e-11    4.8850299367e-12    2.1132214424e-11
4.6850000000e+03     2.5681280269e-11    4.9449765041e-12    2.0736303765e-11
4.6900000000e+03     2.5421157664e-11    4.9170201697e-12    2.0504137494e-11
4.6950000000e+03     2.5584585246e-11    4.9740988841e-12    2.0610486361e-11
4.7000000000e+03     2.6043423574e-11    5.0663310441e-12    2.0977092530e-11
4.7050000000e+03     1.0011138736e-10    1.6960101303e-11    8.3151286058e-11
4.7100000000e+03     2.7871963923e-11    6.2254993013e-12    2.1646464622e-11
4.7150000000e+03     4.2206233306e-11    1.4348588209e-11    2.7857645097e-11
4.7200000000e+03     7.5063251596e-11    3.2516053652e-11    4.2547197944e-11
4.7250000000e+03     2.8210179567e-11    6.6848713029e-12    2.1525308264e-11
4.7300000000e+03     2.5560111600e-11    5.2777110429e-12    2.0282400557e-11
4.7350000000e+03     2.5006565039e-11    4.9270129979e-12    2.0079552041e-11
4.7400000000e+03     9.5507378059e-11    1.7455328794e-11    7.8052049265e-11
4.7450000000e+03     2.4580563880e-11    4.7975694608e-12    1.9782994419e-11
4.7500000000e+03     2.4488749481e-11    4.7602394915e-12    1.9728509990e-11
4.7550000000e+03     2.4274814862e-11    4.6681550340e-12    1.9606659828e-11
4.7600000000e+03     2.4340226076e-11    4.7325430584e-12    1.9607683017e-11
4.7650000000e+03     2.4410554362e-11    4.7829024584e-12    1.9627651903e-11
4.7700000000e+03     2.4740181751e-11    4.9111438316e-12    1.9829037919e-11
4.7750000000e+03     2.6005947995e-11    5.3906768749e-12    2.0615271120e-11
4.7800000000e+03     3.4886629414e-11    8.6346265841e-12    2.6252002830e-11
4.7850000000e+03     1.5733653641e-10    5.2103196127e-11    1.0523334029e-10
4.7900000000e+03     2.7953472668e-11    6.1767977728e-12    2.1776674895e-11
4.7950000000e+03     2.5193759026e-11    5.1656927785e-12    2.0028066248e-11
4.8000000000e+03     2.5418447632e-11    5.0583400415e-12    2.0360107590e-11
4.8050000000e+03     3.9532380380e-11    5.8024389643e-12    3.3729941416e-11
4.8100000000e+03     1.4300084170e-10    4.6871868349e-11    9.6128973351e-11
4.8150000000e+03     3.5080341912e-11    6.9326763963e-12    2.8147665515e-11
4.8200000000e+03     2.5314911024e-11    5.0634617251e-12    2.0251449299e-11
4.8250000000e+03     2.4135780669e-11    4.8293757847e-12    1.9306404884e-11
4.8300000000e+03     2.6335780983e-11    4.6832102614e-12    2.1652570722e-11
4.8350000000e+03     2.4398041794e-11    4.6486056925e-12    1.9749436101e-11
4.8400000000e+03     2.1757201495e-10    7.5153403979e-11    1.4241861097e-10
4.8450000000e+03     2.3346010932e-11    4.6427153342e-12    1.8703295598e-11
4.8500000000e+03     2.3383982599e-11    4.6251779459e-12    1.8758804653e-11
4.8550000000e+03     2.5616182117e-11    4.6039157850e-12    2.1012266332e-11
4.8600000000e+03     2.4119566110e-11    4.6392501499e-12    1.9480315960e-11
4.8650000000e+03     2.3460948557e-11    4.6127878419e-12    1.8848160715e-11
4.8700000000e+03     2.3370715139e-11    4.6297341547e-12    1.8740980985e-11
4.8750000000e+03     2.3748613658e-11    4.7310381549e-12    1.9017575503e-11
4.8800000000e+03     2.5093285740e-11    5.1442976437e-12    1.9948988096e-11
4.8850000000e+03     2.4250643366e-11    4.7858674686e-12    1.9464775897e-11
4.8900000000e+03     2.4122031163e-11    4.6810614528e-12    1.9440969710e-11
4.8950000000e+03     2.4470681006e-11    4.7236783804e-12    1.9747002626e-11
4.9000000000e+03     2.4864081179e-11    4.7395882772e-12    2.0124492901e-11
4.9050000000e+03     2.4957155612e-11    4.6968701454e-12    2.0260285467e-11
4.9100000000e+03     3.7271260657e-11    4.7339978142e-12    3.2537262843e-11
4.9150000000e+03     2.6583333002e-11    4.7659155054e-12    2.1817417497e-11
4.9200000000e+03     2.7404637665e-11    4.7912599816e-12    2.2613377684e-11
4.9250000000e+03     2.5649151244e-11    4.7453900628e-12    2.0903761181e-11
4.9300000000e+03     2.5672587522e-11    4.7716196471e-12    2.0900967875e-11
4.9350000000e+03     2.6098198614e-11    4.8746053317e-12    2.1223593283e-11
4.9400000000e+03     2.7266879616e-11    5.2720253653e-12    2.1994854251e-11
4.9450000000e+03     3.3274766685e-11    7.6204452248e-12    2.5654321460e-11
4.9500000000e+03     2.6923243446e-11    4.9421683453e-12    2.1981075101e-11
4.9550000000e+03     2.6590366975e-11    4.7869966401e-12    2.1803370335e-11
4.9600000000e+03     2.6601173290e-11    4.8369897044e-12    2.1764183585e-11
4.9650000000e+03     2.6564480095e-11    4.7950444553e-12    2.1769435640e-11
4.9700000000e+03     2.6713950276e-11    4.8449277737e-12    2.1869022502e-11
4.9750000000e+03     2.6615924636e-11    4.8226852092e-12    2.1793239427e-11
4.9800000000e+03     2.6536695492e-11    4.7787429552e-12    2.1757952537e-11
4.9850000000e+03     2.6672152160e-11    4.8390698490e-12    2.1833082311e-11
4.9900000000e+03     3.2091893625e-11    4.8682579994e-12    2.7223635626e-11
4.9950000000e+03     2.6655215514e-11    4.8382323104e-12    2.1816983203e-11
5.0000000000e+03     2.6205507384e-11    4.8495894793e-12    2.1355917904e-11
