#BB acoustic spectrum: f [Hz]        Spp [Pa^2/Hz]      Spp_u [Pa^2/Hz]     Spp_l [Pa^2/Hz]
1.2500000000e+01     4.8538201056e-09    4.3171294993e-09    5.3669060627e-10
2.5000000000e+01     6.6776938497e-09    5.6896064348e-09    9.8808741494e-10
3.7500000000e+01     7.6555990699e-09    6.2747549600e-09    1.3808441098e-09
5.0000000000e+01     8.4530636257e-09    6.6541316451e-09    1.7989319805e-09
6.2500000000e+01     9.5820933392e-09    7.2875629516e-09    2.2945303875e-09
7.5000000000e+01     1.0313289889e-08    7.3886622645e-09    2.9246276245e-09
8.7500000000e+01     1.1018838944e-08    7.4409892821e-09    3.5778496620e-09
1.0000000000e+02     1.2073972131e-08    7.5363125282e-09    4.5376596029e-09
1.1250000000e+02     1.3006775907e-08    7.5869892748e-09    5.4197866318e-09
1.2500000000e+02     1.3928631879e-08    7.6549155283e-09    6.2737163512e-09
1.3750000000e+02     1.5508714028e-08    7.8455993221e-09    7.6631147057e-09
1.5000000000e+02     1.6707693263e-08    7.9851715724e-09    8.7225216901e-09
1.6250000000e+02     1.8147972550e-08    8.1658381342e-09    9.9821344155e-09
1.7500000000e+02     1.9765730223e-08    8.3924892973e-09    1.1373240925e-08
1.8750000000e+02     2.1968901969e-08    9.0504267281e-09    1.2918475241e-08
2.0000000000e+02     2.3884837242e-08    9.3786892422e-09    1.4506147999e-08
2.1250000000e+02     2.6164975112e-08    9.7600544098e-09    1.6404920703e-08
2.2500000000e+02     2.8528107401e-08    1.0195075638e-08    1.8333031763e-08
2.3750000000e+02     3.1118275306e-08    1.0700177115e-08    2.0418098191e-08
2.5000000000e+02     3.5280415416e-08    1.2584674471e-08    2.2695740944e-08
2.6250000000e+02     3.8101844156e-08    1.3374832874e-08    2.4727011282e-08
2.7500000000e+02     4.1067909287e-08    1.4047186340e-08    2.7020722947e-08
2.8750000000e+02     4.3637521677e-08    1.4722763473e-08    2.8914758204e-08
3.0000000000e+02     4.6020255872e-08    1.5416187115e-08    3.0604068758e-08
3.1250000000e+02     4.8811587947e-08    1.6174978924e-08    3.2636609023e-08
3.2500000000e+02     5.1131197687e-08    1.6933665649e-08    3.4197532038e-08
3.3750000000e+02     5.3600083976e-08    1.7698306121e-08    3.5901777855e-08
3.5000000000e+02     5.6452139600e-08    1.8961637044e-08    3.7490502557e-08
3.6250000000e+02     5.9822237220e-08    1.9988869992e-08    3.9833367229e-08
3.7500000000e+02     6.2677246125e-08    2.0752993724e-08    4.1924252401e-08
3.8750000000e+02     6.5663690124e-08    2.1532043834e-08    4.4131646291e-08
4.0000000000e+02     6.9834547350e-08    2.2699724600e-08    4.7134822750e-08
4.1250000000e+02     3.6560506153e-04    2.3429302919e-08    3.6558163223e-04
4.2500000000e+02     3.4226146945e-06    2.4252887971e-08    3.3983618065e-06
4.3750000000e+02     9.3516880580e-07    2.4979716081e-08    9.1018908972e-07
4.5000000000e+02     5.0651701630e-07    2.5629235963e-08    4.8088778034e-07
4.6250000000e+02     3.5140288098e-07    2.6241808210e-08    3.2516107277e-07
4.7500000000e+02     2.9902380718e-07    2.6894798000e-08    2.7212900918e-07
4.8750000000e+02     2.6384479410e-07    2.7425125059e-08    2.3641966904e-07
5.0000000000e+02     2.4448397700e-07    2.7915370691e-08    2.1656860631e-07
5.1250000000e+02     2.3234898689e-07    2.8620606956e-08    2.0372837993e-07
5.2500000000e+02     2.2131130942e-07    2.9056354303e-08    1.9225495511e-07
5.3750000000e+02     2.1441453846e-07    2.9567710588e-08    1.8484682787e-07
5.5000000000e+02     2.0555912546e-07    3.1229130617e-08    1.7432999485e-07
5.6250000000e+02     1.9962280988e-07    3.2187598539e-08    1.6743521134e-07
5.7500000000e+02     1.9032229278e-07    3.2546794386e-08    1.5777549839e-07
5.8750000000e+02     1.8164788384e-07    3.3119842815e-08    1.4852804103e-07
6.0000000000e+02     1.7513632603e-07    3.3456067058e-08    1.4168025897e-07
6.1250000000e+02     1.6957492670e-07    3.4502130355e-08    1.3507279634e-07
6.2500000000e+02     1.6601793743e-07    3.4848896147e-08    1.3116904128e-07
6.3750000000e+02     1.6395231263e-07    3.5197004752e-08    1.2875530788e-07
6.5000000000e+02     1.6467633286e-07    3.5552099984e-08    1.2912423287e-07
6.6250000000e+02     1.6881939354e-07    3.6084992223e-08    1.3273440132e-07
6.7500000000e+02     1.7348072097e-07    3.6920272127e-08    1.3656044884e-07
6.8750000000e+02     1.7774253659e-07    3.7311155281e-08    1.4043138131e-07
7.0000000000e+02     1.8283414844e-07    3.7719084394e-08    1.4511506405e-07
7.1250000000e+02     1.8906949070e-07    3.8146150890e-08    1.5092333981e-07
7.2500000000e+02     1.9635893221e-07    3.8808909073e-08    1.5755002314e-07
7.3750000000e+02     2.0209157709e-07    3.9273192377e-08    1.6281838472e-07
7.5000000000e+02     2.0937649230e-07    4.0323941938e-08    1.6905255036e-07
7.6250000000e+02     2.1328497157e-07    4.0814204580e-08    1.7247076699e-07
7.7500000000e+02     2.1619540612e-07    4.1317306952e-08    1.7487809917e-07
7.8750000000e+02     2.1875307314e-07    4.1859035394e-08    1.7689403774e-07
8.0000000000e+02     2.1956590593e-07    4.2391811375e-08    1.7717409455e-07
8.1250000000e+02     2.2010814923e-07    4.3053491393e-08    1.7705465783e-07
8.2500000000e+02     6.7528242782e-04    4.5687403473e-08    6.7523674042e-04
8.3750000000e+02     9.5113657068e-06    4.7411498662e-08    9.4639542082e-06
8.5000000000e+02     7.4154364389e-05    4.8097178477e-08    7.4106267211e-05
8.6250000000e+02     9.3057997009e-06    4.8575151309e-08    9.2572245496e-06
8.7500000000e+02     4.0697479278e-06    4.8999911548e-08    4.0207480163e-06
8.8750000000e+02     2.4452064636e-06    4.9387403820e-08    2.3958190598e-06
9.0000000000e+02     1.6977137671e-06    5.0062750292e-08    1.6476510168e-06
9.1250000000e+02     1.2788644746e-06    5.0358981612e-08    1.2285054930e-06
9.2500000000e+02     1.0162499039e-06    5.0606416808e-08    9.6564348707e-07
9.3750000000e+02     8.4111840267e-07    5.0744000804e-08    7.9037440186e-07
9.5000000000e+02     7.1821714313e-07    5.0895203203e-08    6.6732193993e-07
9.6250000000e+02     6.2950981718e-07    5.1128018184e-08    5.7838179900e-07
9.7500000000e+02     5.6492365530e-07    5.1192831062e-08    5.1373082424e-07
9.8750000000e+02     5.1684617385e-07    5.1521407129e-08    4.6532476672e-07
1.0000000000e+03     4.8190362668e-07    5.1513718005e-08    4.3038990868e-07
1.0125000000e+03     4.5819984844e-07    5.2356773403e-08    4.0584307504e-07
1.0250000000e+03     4.4153925675e-07    5.2929181281e-08    3.8861007547e-07
1.0375000000e+03     4.2927600491e-07    5.2783837716e-08    3.7649216720e-07
1.0500000000e+03     4.2128713230e-07    5.2842658748e-08    3.6844447356e-07
1.0625000000e+03     4.1525685279e-07    5.2661047000e-08    3.6259580579e-07
1.0750000000e+03     4.1284184186e-07    5.3812469683e-08    3.5902937217e-07
1.0875000000e+03     4.1029382202e-07    5.3605286067e-08    3.5668853595e-07
1.1000000000e+03     4.0884403328e-07    5.4062252391e-08    3.5478178089e-07
1.1125000000e+03     4.0697104059e-07    5.4254667804e-08    3.5271637278e-07
1.1250000000e+03     4.0403929043e-07    5.4114194945e-08    3.4992509549e-07
1.1375000000e+03     4.0065613446e-07    5.4020029167e-08    3.4663610530e-07
1.1500000000e+03     3.9782233682e-07    5.4522835909e-08    3.4329950091e-07
1.1625000000e+03     3.9442223754e-07    5.4883476600e-08    3.3953876094e-07
1.1750000000e+03     3.9102920761e-07    5.5675794004e-08    3.3535341360e-07
1.1875000000e+03     3.8673475520e-07    5.6071309288e-08    3.3066344591e-07
1.2000000000e+03     3.8223272854e-07    5.6309686884e-08    3.2592304165e-07
1.2125000000e+03     3.7811970362e-07    5.6626660063e-08    3.2149304355e-07
1.2250000000e+03     3.7448840340e-07    5.6963052986e-08    3.1752535041e-07
1.2375000000e+03     3.7159314131e-07    5.7458576570e-08    3.1413456474e-07
1.2500000000e+03     3.6941125959e-07    5.7944988851e-08    3.1146627074e-07
1.2625000000e+03     3.6774456830e-07    5.8478667394e-08    3.0926590091e-07
1.2750000000e+03     3.6762584454e-07    6.0066931039e-08    3.0755891350e-07
1.2875000000e+03     3.6697840018e-07    6.0918518356e-08    3.0605988183e-07
1.3000000000e+03     3.6674803964e-07    6.1926262175e-08    3.0482177746e-07
1.3125000000e+03     3.6697656602e-07    6.2953941996e-08    3.0402262402e-07
1.3250000000e+03     3.6766977919e-07    6.4352251139e-08    3.0331752805e-07
1.3375000000e+03     3.6814605906e-07    6.5501261697e-08    3.0264479736e-07
1.3500000000e+03     3.6912432057e-07    6.6825066362e-08    3.0229925421e-07
1.3625000000e+03     3.7035600596e-07    6.8041398865e-08    3.0231460709e-07
1.3750000000e+03     3.7207653603e-07    6.9265245628e-08    3.0281129040e-07
1.3875000000e+03     3.7431779788e-07    7.0478379016e-08    3.0383941886e-07
1.4000000000e+03     3.7705035372e-07    7.1662070653e-08    3.0538828306e-07
1.4125000000e+03     3.8017258341e-07    7.2797532654e-08    3.0737505076e-07
1.4250000000e+03     3.8426087900e-07    7.4493565437e-08    3.0976731356e-07
1.4375000000e+03     3.8759391338e-07    7.5470979796e-08    3.1212293359e-07
1.4500000000e+03     3.9099954473e-07    7.6612672912e-08    3.1438687182e-07
1.4625000000e+03     3.9362465835e-07    7.7371064530e-08    3.1625359382e-07
1.4750000000e+03     3.9568769255e-07    7.8054720064e-08    3.1763297248e-07
1.4875000000e+03     3.9696609187e-07    7.8540194297e-08    3.1842589757e-07
1.5000000000e+03     3.9755272961e-07    7.8874213331e-08    3.1867851628e-07
1.5125000000e+03     3.9757181308e-07    7.9049349339e-08    3.1852246375e-07
1.5250000000e+03     3.9762324527e-07    7.9369765386e-08    3.1825347989e-07
1.5375000000e+03     3.9801933169e-07    7.9916392651e-08    3.1810293904e-07
1.5500000000e+03     3.9772885040e-07    7.9589413989e-08    3.1813943641e-07
1.5625000000e+03     3.9781617461e-07    7.9100846132e-08    3.1871532847e-07
1.5750000000e+03     3.9841443942e-07    7.8456720999e-08    3.1995771842e-07
1.5875000000e+03     3.9958515149e-07    7.7697193861e-08    3.2188795763e-07
1.6000000000e+03     4.0194529794e-07    7.7433817228e-08    3.2451148071e-07
1.6125000000e+03     4.0373161608e-07    7.6383598678e-08    3.2734801740e-07
1.6250000000e+03     4.0585929583e-07    7.5554986317e-08    3.3030430952e-07
1.6375000000e+03     4.0726585834e-07    7.4334900991e-08    3.3293095734e-07
1.6500000000e+03     4.0800392318e-07    7.3018570579e-08    3.3498535260e-07
1.6625000000e+03     4.0801846022e-07    7.1731172387e-08    3.3628728783e-07
1.6750000000e+03     4.0703652656e-07    7.0335751716e-08    3.3670077485e-07
1.6875000000e+03     4.0524292606e-07    6.8937702788e-08    3.3630522327e-07
1.7000000000e+03     4.0284309679e-07    6.7551968094e-08    3.3529112870e-07
1.7125000000e+03     4.0017701611e-07    6.6206456550e-08    3.3397055956e-07
1.7250000000e+03     3.9764357320e-07    6.4922705941e-08    3.3272086726e-07
1.7375000000e+03     3.9564955459e-07    6.3721226563e-08    3.3192832803e-07
1.7500000000e+03     3.9454713865e-07    6.2621156725e-08    3.3192598192e-07
1.7625000000e+03     3.9457853613e-07    6.1639929896e-08    3.3293860623e-07
1.7750000000e+03     3.9583690219e-07    6.0792971552e-08    3.3504393064e-07
1.7875000000e+03     3.9824999719e-07    6.0093434053e-08    3.3815656314e-07
1.8000000000e+03     4.0158936079e-07    5.9551975642e-08    3.4203738514e-07
1.8125000000e+03     4.0570205776e-07    5.9329329651e-08    3.4637272811e-07
1.8250000000e+03     4.0976632678e-07    5.9122964606e-08    3.5064336217e-07
1.8375000000e+03     4.1355327039e-07    5.9090281505e-08    3.5446298888e-07
1.8500000000e+03     4.1668830536e-07    5.9230782697e-08    3.5745752266e-07
1.8625000000e+03     4.1897905727e-07    5.9596504011e-08    3.5938255326e-07
1.8750000000e+03     4.2016283245e-07    6.0069921774e-08    3.6009291067e-07
1.8875000000e+03     4.2035737080e-07    6.0698644563e-08    3.5965872623e-07
1.9000000000e+03     4.1975934967e-07    6.1471740453e-08    3.5828760922e-07
1.9125000000e+03     4.1868568678e-07    6.2376166450e-08    3.5630952033e-07
1.9250000000e+03     4.1752484298e-07    6.3397049924e-08    3.5412779305e-07
1.9375000000e+03     4.1667913031e-07    6.4518001017e-08    3.5216112929e-07
1.9500000000e+03     4.1650687096e-07    6.5721448612e-08    3.5078542234e-07
1.9625000000e+03     4.1727289644e-07    6.6988992270e-08    3.5028390417e-07
1.9750000000e+03     4.1911423288e-07    6.8301762340e-08    3.5081247054e-07
1.9875000000e+03     4.2202521348e-07    6.9640780458e-08    3.5238443303e-07
2.0000000000e+03     4.2586315423e-07    7.0987312840e-08    3.5487584139e-07
2.0125000000e+03     4.3037263694e-07    7.2323209119e-08    3.5804942782e-07
2.0250000000e+03     4.3536052440e-07    7.3734927476e-08    3.6162559693e-07
2.0375000000e+03     4.4025855490e-07    7.5046863260e-08    3.6521169164e-07
2.0500000000e+03     4.4473597986e-07    7.6251156285e-08    3.6848482358e-07
2.0625000000e+03     4.4857797002e-07    7.7384085274e-08    3.7119388475e-07
2.0750000000e+03     4.5159499045e-07    7.8434561494e-08    3.7316042896e-07
2.0875000000e+03     4.5370404892e-07    7.9393485397e-08    3.7431056352e-07
2.1000000000e+03     4.5493027751e-07    8.0253839252e-08    3.7467643826e-07
2.1125000000e+03     4.5539507462e-07    8.1010734889e-08    3.7438433973e-07
2.1250000000e+03     4.5529389618e-07    8.1661416500e-08    3.7363247968e-07
2.1375000000e+03     4.5486783995e-07    8.2205219549e-08    3.7266262041e-07
2.1500000000e+03     4.5437345056e-07    8.2643487653e-08    3.7172996290e-07
2.1625000000e+03     4.5411975720e-07    8.3028456761e-08    3.7109130044e-07
2.1750000000e+03     4.5429324122e-07    8.3348265394e-08    3.7094497583e-07
2.1875000000e+03     4.5490067833e-07    8.3495853680e-08    3.7140482465e-07
2.2000000000e+03     4.5614795966e-07    8.3560478286e-08    3.7258748138e-07
2.2125000000e+03     4.5807123310e-07    8.3551017662e-08    3.7452021543e-07
2.2250000000e+03     4.6064817808e-07    8.3477168220e-08    3.7717100986e-07
2.2375000000e+03     4.6380467336e-07    8.3349172400e-08    3.8045550096e-07
2.2500000000e+03     4.6758545922e-07    8.3299161708e-08    3.8428629751e-07
2.2625000000e+03     4.7151581311e-07    8.3094542063e-08    3.8842127104e-07
2.2750000000e+03     4.7566241734e-07    8.2926621708e-08    3.9273579563e-07
2.2875000000e+03     4.7967883297e-07    8.2686070652e-08    3.9699276232e-07
2.3000000000e+03     4.8345486135e-07    8.2441260908e-08    4.0101360044e-07
2.3125000000e+03     4.8681182818e-07    8.2200091074e-08    4.0461173710e-07
2.3250000000e+03     4.8959562900e-07    8.1969281878e-08    4.0762634712e-07
2.3375000000e+03     4.9169104011e-07    8.1754220983e-08    4.0993681913e-07
2.3500000000e+03     4.9303534869e-07    8.1558848599e-08    4.1147650009e-07
2.3625000000e+03     4.9362949872e-07    8.1385585215e-08    4.1224391351e-07
2.3750000000e+03     4.9354468611e-07    8.1235303600e-08    4.1230938251e-07
2.3875000000e+03     4.9292247445e-07    8.1107346344e-08    4.1181512810e-07
2.4000000000e+03     4.9196708817e-07    8.0999589019e-08    4.1096749915e-07
2.4125000000e+03     4.9092951721e-07    8.0908547832e-08    4.1002096938e-07
2.4250000000e+03     4.9008429618e-07    8.0829529339e-08    4.0925476684e-07
2.4375000000e+03     4.8970109150e-07    8.0756818537e-08    4.0894427297e-07
2.4500000000e+03     4.9001430610e-07    8.0683900441e-08    4.0933040566e-07
2.4625000000e+03     4.9119457330e-07    8.0603709125e-08    4.1059086417e-07
2.4750000000e+03     4.9332610202e-07    8.0508897303e-08    4.1281720472e-07
2.4875000000e+03     4.9639329007e-07    8.0392118724e-08    4.1600117134e-07
2.5000000000e+03     5.0027889088e-07    8.0246315168e-08    4.2003257571e-07
2.5125000000e+03     5.0477445938e-07    8.0064999547e-08    4.2470945983e-07
2.5250000000e+03     5.0960205688e-07    7.9842526637e-08    4.2975953024e-07
2.5375000000e+03     5.1444454920e-07    7.9574343242e-08    4.3487020596e-07
2.5500000000e+03     5.1898056511e-07    7.9257210162e-08    4.3972335494e-07
2.5625000000e+03     5.2291951174e-07    7.8889389148e-08    4.4403012260e-07
2.5750000000e+03     5.2603208969e-07    7.8470789009e-08    4.4756130068e-07
2.5875000000e+03     5.2817250446e-07    7.8003066290e-08    4.5016943817e-07
2.6000000000e+03     5.2928990294e-07    7.7489677208e-08    4.5180022573e-07
2.6125000000e+03     5.2942823718e-07    7.6935878956e-08    4.5249235823e-07
2.6250000000e+03     5.2871548214e-07    7.6348679870e-08    4.5236680227e-07
2.6375000000e+03     5.2734460983e-07    7.5736739365e-08    4.5160787046e-07
2.6500000000e+03     5.2554970541e-07    7.5110219815e-08    4.5043948559e-07
2.6625000000e+03     5.2358095246e-07    7.4480593768e-08    4.4910035869e-07
2.6750000000e+03     5.2168189139e-07    7.3860410919e-08    4.4782148048e-07
2.6875000000e+03     5.2007147024e-07    7.3263030168e-08    4.4680844007e-07
2.7000000000e+03     5.1893216679e-07    7.2702322822e-08    4.4622984397e-07
2.7125000000e+03     5.1840413423e-07    7.2192353555e-08    4.4621178067e-07
2.7250000000e+03     5.1858418266e-07    7.1747046204e-08    4.4683713645e-07
2.7375000000e+03     5.1952768298e-07    7.1379841716e-08    4.4814784126e-07
2.7500000000e+03     3.2857012962e-05    3.2406865018e-05    4.5014794392e-07
2.7625000000e+03     1.1921402333e-05    1.1468596537e-05    4.5280579581e-07
2.7750000000e+03     6.7521023250e-06    6.2960478695e-06    4.5605445546e-07
2.7875000000e+03     4.6012242719e-06    4.1414337649e-06    4.5979050707e-07
2.8000000000e+03     3.4739043453e-06    3.0100317932e-06    4.6387255204e-07
2.8125000000e+03     2.7995721210e-06    2.3314507026e-06    4.6812141835e-07
2.8250000000e+03     2.3599053926e-06    1.8875809684e-06    4.7232442428e-07
2.8375000000e+03     2.0551440316e-06    1.5788983201e-06    4.7624571151e-07
2.8500000000e+03     1.8338299820e-06    1.3541862485e-06    4.7964373348e-07
2.8625000000e+03     1.6669701336e-06    1.1846745519e-06    4.8229558169e-07
2.8750000000e+03     1.5371103207e-06    1.0530841239e-06    4.8402619678e-07
2.8875000000e+03     1.4332135350e-06    9.4847458075e-07    4.8473895426e-07
2.9000000000e+03     1.3480592432e-06    8.6361628081e-07    4.8444296239e-07
2.9125000000e+03     1.2768319556e-06    7.9356001245e-07    4.8327194313e-07
2.9250000000e+03     1.2163059494e-06    7.3481598021e-07    4.8148996916e-07
2.9375000000e+03     1.1643417558e-06    6.8486111198e-07    4.7948064377e-07
2.9500000000e+03     1.1195504484e-06    6.4183202909e-07    4.7771841935e-07
2.9625000000e+03     1.0810507979e-06    6.0432741182e-07    4.7672338604e-07
2.9750000000e+03     1.0482807820e-06    5.7127714652e-07    4.7700363544e-07
2.9875000000e+03     1.0208452765e-06    5.4185351545e-07    4.7899176101e-07
3.0000000000e+03     9.9839332959e-07    5.1540957913e-07    4.8298375046e-07
3.0125000000e+03     9.8052466219e-07    4.9143556867e-07    4.8908909352e-07
3.0250000000e+03     9.6672762184e-07    4.6952745878e-07    4.9720016305e-07
3.0375000000e+03     9.5635075817e-07    4.4936393234e-07    5.0698682583e-07
3.0500000000e+03     9.4860824360e-07    4.3068922056e-07    5.1791902304e-07
3.0625000000e+03     9.4261627562e-07    4.1330011603e-07    5.2931615959e-07
3.0750000000e+03     9.3745412005e-07    3.9703598628e-07    5.4041813376e-07
3.0875000000e+03     9.3224033765e-07    3.8177096828e-07    5.5046936937e-07
3.1000000000e+03     9.2621264146e-07    3.6740776316e-07    5.5880487829e-07
3.1125000000e+03     9.1879924700e-07    3.5387261529e-07    5.6492663171e-07
3.1250000000e+03     9.0967073502e-07    3.4111117473e-07    5.6855956029e-07
3.1375000000e+03     8.9876427839e-07    3.2908502419e-07    5.6967925420e-07
3.1500000000e+03     8.8627622495e-07    3.1776871030e-07    5.6850751465e-07
3.1625000000e+03     8.7262385953e-07    3.0714716233e-07    5.6547669720e-07
3.1750000000e+03     8.5838192621e-07    2.9721341287e-07    5.6116851334e-07
3.1875000000e+03     8.4420339186e-07    2.8796655903e-07    5.5623683284e-07
3.2000000000e+03     8.3073632882e-07    2.7940992048e-07    5.5132640833e-07
3.2125000000e+03     8.1854962064e-07    2.7154936441e-07    5.4700025623e-07
3.2250000000e+03     8.0807655705e-07    2.6439177787e-07    5.4368477917e-07
3.2375000000e+03     7.9957335684e-07    2.5794367640e-07    5.4162968044e-07
3.2500000000e+03     7.9315255832e-07    2.5220994385e-07    5.4094261448e-07
3.2625000000e+03     7.8876782036e-07    2.4719270337e-07    5.4157511699e-07
3.2750000000e+03     7.8627822138e-07    2.4289032292e-07    5.4338789846e-07
3.2875000000e+03     7.8549756443e-07    2.3929656106e-07    5.4620100337e-07
3.3000000000e+03     7.8624440195e-07    2.3639986040e-07    5.4984454155e-07
3.3125000000e+03     7.8837909426e-07    2.3418279591e-07    5.5419629836e-07
3.3250000000e+03     7.9182021987e-07    2.3262168512e-07    5.5919853475e-07
3.3375000000e+03     7.9653717709e-07    2.3168636540e-07    5.6485081169e-07
3.3500000000e+03     8.0252090504e-07    2.3134014092e-07    5.7118076412e-07
3.3625000000e+03     8.0973941760e-07    2.3153989916e-07    5.7819951844e-07
3.3750000000e+03     8.1808837376e-07    2.3223639269e-07    5.8585198107e-07
3.3875000000e+03     8.2734850157e-07    2.3337467831e-07    5.9397382326e-07
3.4000000000e+03     8.3716099772e-07    2.3489470151e-07    6.0226629620e-07
3.4125000000e+03     8.4702911111e-07    2.3673201043e-07    6.1029710068e-07
3.4250000000e+03     8.5634946994e-07    2.3881858037e-07    6.1753088957e-07
3.4375000000e+03     8.6447114026e-07    2.4108372754e-07    6.2338741272e-07
3.4500000000e+03     8.7077491301e-07    2.4345508895e-07    6.2731982406e-07
3.4625000000e+03     8.7476091611e-07    2.4585964516e-07    6.2890127096e-07
3.4750000000e+03     8.7613017902e-07    2.4822476305e-07    6.2790541598e-07
3.4875000000e+03     8.7484575317e-07    2.5047923714e-07    6.2436651603e-07
3.5000000000e+03     8.7116150514e-07    2.5255431035e-07    6.1860719479e-07
3.5125000000e+03     8.6561139096e-07    2.5438465753e-07    6.1122673342e-07
3.5250000000e+03     8.5895813682e-07    2.5590931819e-07    6.0304881863e-07
3.5375000000e+03     8.5210677169e-07    2.5707256706e-07    5.9503420463e-07
3.5500000000e+03     8.4599426778e-07    2.5782471389e-07    5.8816955389e-07
3.5625000000e+03     8.4147064307e-07    2.5812282486e-07    5.8334781822e-07
3.5750000000e+03     8.3918855247e-07    2.5793135946e-07    5.8125719301e-07
3.5875000000e+03     8.3951735031e-07    2.5722271631e-07    5.8229463400e-07
3.6000000000e+03     8.4249402754e-07    2.5597768125e-07    5.8651634629e-07
3.6125000000e+03     8.4781792759e-07    2.5418577028e-07    5.9363215731e-07
3.6250000000e+03     8.5488965513e-07    2.5184545897e-07    6.0304419616e-07
3.6375000000e+03     8.6288818302e-07    2.4896428966e-07    6.1392389336e-07
3.6500000000e+03     8.7087484977e-07    2.4555884784e-07    6.2531600192e-07
3.6625000000e+03     8.7790951465e-07    2.4165460040e-07    6.3625491425e-07
3.6750000000e+03     8.8316304617e-07    2.3728559020e-07    6.4587745597e-07
3.6875000000e+03     8.8601164191e-07    2.3249398525e-07    6.5351765666e-07
3.7000000000e+03     8.8610234634e-07    2.2732948419e-07    6.5877286216e-07
3.7125000000e+03     8.8341130428e-07    2.2184858515e-07    6.6156271912e-07
3.7250000000e+03     8.7806606957e-07    2.1611372969e-07    6.6195233988e-07
3.7375000000e+03     8.7065806421e-07    2.1019233815e-07    6.6046572606e-07
3.7500000000e+03     8.6181569417e-07    2.0415575717e-07    6.5765993700e-07
3.7625000000e+03     8.5229992989e-07    1.9807814226e-07    6.5422178763e-07
3.7750000000e+03     8.4288669330e-07    1.9203530040e-07    6.5085139290e-07
3.7875000000e+03     8.3428958176e-07    1.8610351682e-07    6.4818606494e-07
3.8000000000e+03     8.2709948828e-07    1.8035838892e-07    6.4674109936e-07
3.8125000000e+03     8.2174599622e-07    1.7487368703e-07    6.4687230919e-07
3.8250000000e+03     8.1848218762e-07    1.6972025813e-07    6.4876192949e-07
3.8375000000e+03     8.1739120043e-07    1.6496498469e-07    6.5242621574e-07
3.8500000000e+03     8.1841025832e-07    1.6066980679e-07    6.5774045153e-07
3.8625000000e+03     8.2136629467e-07    1.5689081316e-07    6.6447548151e-07
3.8750000000e+03     8.2601677074e-07    1.5367740449e-07    6.7233936625e-07
3.8875000000e+03     8.3208971922e-07    1.5107153255e-07    6.8101818668e-07
3.9000000000e+03     8.3931815954e-07    1.4910701915e-07    6.9021114040e-07
3.9125000000e+03     8.4746551495e-07    1.4780896153e-07    6.9965655341e-07
3.9250000000e+03     8.5634022216e-07    1.4719323321e-07    7.0914698895e-07
3.9375000000e+03     8.6579916093e-07    1.4726609246e-07    7.1853306848e-07
3.9500000000e+03     8.7574074041e-07    1.4802391292e-07    7.2771682749e-07
3.9625000000e+03     8.8608944729e-07    1.4945305202e-07    7.3663639527e-07
3.9750000000e+03     8.9677441474e-07    1.5152987268e-07    7.4524454206e-07
3.9875000000e+03     9.0770513988e-07    1.5422093155e-07    7.5348420833e-07
4.0000000000e+03     9.1874785656e-07    1.5748334321e-07    7.6126451335e-07
4.0125000000e+03     9.2970621195e-07    1.6126532423e-07    7.6844088772e-07
4.0250000000e+03     9.4030972485e-07    1.6550691440e-07    7.7480281044e-07
4.0375000000e+03     9.5021294405e-07    1.7014086566e-07    7.8007207839e-07
4.0500000000e+03     9.5900723657e-07    1.7509368238e-07    7.8391355419e-07
4.0625000000e+03     9.6624574008e-07    1.8028679133e-07    7.8595894875e-07
4.0750000000e+03     9.7148031580e-07    1.8563781505e-07    7.8584250076e-07
4.0875000000e+03     9.7430751827e-07    1.9106192010e-07    7.8324559817e-07
4.1000000000e+03     9.7441890292e-07    1.9647321114e-07    7.7794569178e-07
4.1125000000e+03     9.7164969632e-07    2.0178614233e-07    7.6986355399e-07
4.1250000000e+03     9.6601922869e-07    2.0691692004e-07    7.5910230865e-07
4.1375000000e+03     9.5775684271e-07    2.1178487317e-07    7.4597196954e-07
4.1500000000e+03     9.4730919459e-07    2.1631377024e-07    7.3099542435e-07
4.1625000000e+03     9.3541008936e-07    2.2043306439e-07    7.1497702498e-07
4.1750000000e+03     9.2256520438e-07    2.2407904908e-07    6.9848615530e-07
4.1875000000e+03     9.0996823676e-07    2.2719590740e-07    6.8277232936e-07
4.2000000000e+03     8.9843954418e-07    2.2973663803e-07    6.6870290615e-07
4.2125000000e+03     8.8882918435e-07    2.3166384035e-07    6.5716534400e-07
4.2250000000e+03     8.8184518243e-07    2.3295034101e-07    6.4889484142e-07
4.2375000000e+03     8.7798556758e-07    2.3357964501e-07    6.4440592257e-07
4.2500000000e+03     8.7749300942e-07    2.3354619650e-07    6.4394681292e-07
4.2625000000e+03     8.8033717961e-07    2.3285543804e-07    6.4748174158e-07
4.2750000000e+03     8.8622710973e-07    2.3152366265e-07    6.5470344708e-07
4.2875000000e+03     8.9465187629e-07    2.2957765951e-07    6.6507421677e-07
4.3000000000e+03     9.0494413074e-07    2.2705416169e-07    6.7788996906e-07
4.3125000000e+03     9.1635795775e-07    2.2399911160e-07    6.9235884615e-07
4.3250000000e+03     9.2815076830e-07    2.2046676654e-07    7.0768400176e-07
4.3375000000e+03     9.3965867705e-07    2.1651867126e-07    7.2314000579e-07
4.3500000000e+03     9.5035608675e-07    2.1222252720e-07    7.3813355955e-07
4.3625000000e+03     9.5989277991e-07    2.0765098834e-07    7.5224179157e-07
4.3750000000e+03     9.6810527806e-07    2.0288041120e-07    7.6522486686e-07
4.3875000000e+03     9.7500303597e-07    1.9798958306e-07    7.7701345290e-07
4.4000000000e+03     9.8073361622e-07    1.9305844762e-07    7.8767516860e-07
4.4125000000e+03     9.8553380928e-07    1.8816684261e-07    7.9736696667e-07
4.4250000000e+03     9.8967531012e-07    1.8339326074e-07    8.0628204938e-07
4.4375000000e+03     9.9341379529e-07    1.7881364280e-07    8.1460015249e-07
4.4500000000e+03     9.9694904640e-07    1.7450021262e-07    8.2244883378e-07
4.4625000000e+03     1.0004013592e-06    1.7052036516e-07    8.2988099407e-07
4.4750000000e+03     1.0038063038e-06    1.6693562268e-07    8.3687068116e-07
4.4875000000e+03     1.0071265550e-06    1.6380067795e-07    8.4332587705e-07
4.5000000000e+03     1.0102766374e-06    1.6116254662e-07    8.4911409081e-07
4.5125000000e+03     1.0131546606e-06    1.5905985251e-07    8.5409480810e-07
4.5250000000e+03     1.0156763042e-06    1.5752226887e-07    8.5815403533e-07
4.5375000000e+03     1.0178046298e-06    1.5657013439e-07    8.6123449545e-07
4.5500000000e+03     1.0194834233e-06    1.5621425647e-07    8.6326916686e-07
4.5625000000e+03     1.0208532950e-06    1.5645590526e-07    8.6439738974e-07
4.5750000000e+03     1.0220089801e-06    1.5728699198e-07    8.6472198816e-07
4.5875000000e+03     1.0230997541e-06    1.5869041599e-07    8.6440933815e-07
4.6000000000e+03     1.0242874310e-06    1.6064055695e-07    8.6364687404e-07
4.6125000000e+03     1.0257233145e-06    1.6310388410e-07    8.6261943039e-07
4.6250000000e+03     1.0275296407e-06    1.6603965348e-07    8.6148998723e-07
4.6375000000e+03     1.0297880211e-06    1.6940066695e-07    8.6038735413e-07
4.6500000000e+03     1.0325363346e-06    1.7313407325e-07    8.5940226130e-07
4.6625000000e+03     1.0357737895e-06    1.7718220105e-07    8.5859158847e-07
4.6750000000e+03     1.0394721727e-06    1.8148342704e-07    8.5798874564e-07
4.6875000000e+03     1.0435899959e-06    1.8597310630e-07    8.5761688961e-07
4.7000000000e+03     1.0480856802e-06    1.9058465925e-07    8.5750102095e-07
4.7125000000e+03     1.0529264802e-06    1.9525122975e-07    8.5767525043e-07
4.7250000000e+03     1.0580936969e-06    1.9991102421e-07    8.5818267266e-07
4.7375000000e+03     1.0637267275e-06    2.0465955025e-07    8.5906717729e-07
4.7500000000e+03     1.0692460137e-06    2.0888687297e-07    8.6035914076e-07
4.7625000000e+03     1.0751094848e-06    2.1304297773e-07    8.6206650703e-07
4.7750000000e+03     1.0810639680e-06    2.1694447046e-07    8.6411949756e-07
4.7875000000e+03     1.0868364006e-06    2.2051904369e-07    8.6631735691e-07
4.8000000000e+03     1.0922973627e-06    2.2371332340e-07    8.6858403926e-07
4.8125000000e+03     1.0971202759e-06    2.2648239988e-07    8.7063787606e-07
4.8250000000e+03     1.1009974177e-06    2.2878905698e-07    8.7220836077e-07
4.8375000000e+03     1.1035405436e-06    2.3060399681e-07    8.7293654679e-07
4.8500000000e+03     1.1045269457e-06    2.3190617627e-07    8.7262076945e-07
4.8625000000e+03     1.1037606140e-06    2.3268308085e-07    8.7107753312e-07
4.8750000000e+03     1.1011639729e-06    2.3293088820e-07    8.6823308472e-07
4.8875000000e+03     1.0968113040e-06    2.3265450369e-07    8.6415680026e-07
4.9000000000e+03     1.0909340125e-06    2.3186745789e-07    8.5906655457e-07
4.9125000000e+03     1.0839102708e-06    2.3059165545e-07    8.5331861535e-07
4.9250000000e+03     1.0762353659e-06    2.2885696413e-07    8.4737840179e-07
4.9375000000e+03     1.0684753959e-06    2.2670063332e-07    8.4177476254e-07
4.9500000000e+03     1.0612100845e-06    2.2416653570e-07    8.3704354883e-07
4.9625000000e+03     1.0549725099e-06    2.2130423412e-07    8.3366827583e-07
4.9750000000e+03     1.0501941897e-06    2.1816788785e-07    8.3202630187e-07
4.9875000000e+03     1.0471631296e-06    2.1481502693e-07    8.3234810266e-07
5.0000000000e+03     1.0460003244e-06    2.1130523723e-07    8.3469508715e-07
5.0125000000e+03     1.0466572841e-06    2.0769881067e-07    8.3895847346e-07
5.0250000000e+03     1.0489340307e-06    2.0405542076e-07    8.4487860997e-07
5.0375000000e+03     1.0525142258e-06    2.0043288353e-07    8.5208134225e-07
5.0500000000e+03     1.0570120773e-06    1.9688605548e-07    8.6012602180e-07
5.0625000000e+03     1.0620250394e-06    1.9346590646e-07    8.6855913297e-07
5.0750000000e+03     1.0672039213e-06    1.9021878656e-07    8.7698513477e-07
5.0875000000e+03     1.0721721013e-06    1.8718588761e-07    8.8498621372e-07
5.1000000000e+03     1.0768066597e-06    1.8440288289e-07    8.9240377678e-07
5.1125000000e+03     1.0810201894e-06    1.8189971790e-07    8.9912047154e-07
5.1250000000e+03     1.0848459422e-06    1.7970052093e-07    9.0514542125e-07
5.1375000000e+03     1.0884183840e-06    1.7782360616e-07    9.1059477782e-07
5.1500000000e+03     1.0919407223e-06    1.7628155135e-07    9.1565917095e-07
5.1625000000e+03     1.0956484761e-06    1.7508134495e-07    9.2056713117e-07
5.1750000000e+03     1.0997714312e-06    1.7422460956e-07    9.2554682161e-07
5.1875000000e+03     1.1044986604e-06    1.7370791634e-07    9.3079074405e-07
5.2000000000e+03     1.1099507292e-06    1.7352320604e-07    9.3642752314e-07
5.2125000000e+03     1.1161620706e-06    1.7365832537e-07    9.4250374522e-07
5.2250000000e+03     1.1230751281e-06    1.7409767311e-07    9.4897745504e-07
5.2375000000e+03     1.1305463885e-06    1.7482293276e-07    9.5572345577e-07
5.2500000000e+03     1.1383629904e-06    1.7581384979e-07    9.6254914066e-07
5.2625000000e+03     1.1462673331e-06    1.7704899820e-07    9.6921833486e-07
5.2750000000e+03     1.1539861966e-06    1.7850647606e-07    9.7547972054e-07
5.2875000000e+03     1.1612607055e-06    1.8016447488e-07    9.8109623058e-07
5.3000000000e+03     1.1678781000e-06    1.8200168413e-07    9.8587641587e-07
5.3125000000e+03     1.1736637973e-06    1.8399751640e-07    9.8966628092e-07
5.3250000000e+03     1.1784944081e-06    1.8613216666e-07    9.9236224147e-07
5.3375000000e+03     1.1824018852e-06    1.8838654465e-07    9.9401534050e-07
5.3500000000e+03     1.1854106261e-06    1.9074213779e-07    9.9466848830e-07
5.3625000000e+03     1.1876117474e-06    1.9318086789e-07    9.9443087952e-07
5.3750000000e+03     1.1891325005e-06    1.9568499826e-07    9.9344750223e-07
5.3875000000e+03     1.1901186086e-06    1.9823712799e-07    9.9188148066e-07
5.4000000000e+03     1.1907190483e-06    2.0082028350e-07    9.8989876480e-07
5.4125000000e+03     1.1910742362e-06    2.0341808823e-07    9.8765614793e-07
5.4250000000e+03     1.1913083234e-06    2.0601496744e-07    9.8529335595e-07
5.4375000000e+03     1.1915256697e-06    2.0859633201e-07    9.8292933769e-07
5.4500000000e+03     1.1918110771e-06    2.1114868656e-07    9.8066239058e-07
5.4625000000e+03     1.1922330583e-06    2.1365962271e-07    9.7857343556e-07
5.4750000000e+03     1.1928492518e-06    2.1611768533e-07    9.7673156644e-07
5.4875000000e+03     1.1937130335e-06    2.1851213138e-07    9.7520090212e-07
5.5000000000e+03     1.1948806640e-06    2.2083263006e-07    9.7404803398e-07
5.5125000000e+03     1.1964254072e-06    2.2306897169e-07    9.7335643549e-07
5.5250000000e+03     1.1983894066e-06    2.2521085658e-07    9.7317855004e-07
5.5375000000e+03     1.2008317135e-06    2.2724782132e-07    9.7358389219e-07
5.5500000000e+03     1.2038835915e-06    2.2916933234e-07    9.7471425920e-07
5.5625000000e+03     1.2075941634e-06    2.3096504031e-07    9.7662912304e-07
5.5750000000e+03     1.2120044831e-06    2.3262515537e-07    9.7937932776e-07
5.5875000000e+03     1.2171179147e-06    2.3414088421e-07    9.8297703051e-07
5.6000000000e+03     1.2228861686e-06    2.3550488891e-07    9.8738127966e-07
5.6125000000e+03     1.2292010107e-06    2.3671185337e-07    9.9248915734e-07
5.6250000000e+03     1.2358938490e-06    2.3775987473e-07    9.9813397429e-07
5.6375000000e+03     1.2427503611e-06    2.3865871600e-07    1.0040916451e-06
5.6500000000e+03     1.2499539858e-06    2.3985851193e-07    1.0100954739e-06
5.6625000000e+03     1.2557241259e-06    2.3986455438e-07    1.0158595715e-06
5.6750000000e+03     1.2612901487e-06    2.4016331321e-07    1.0211268355e-06
5.6875000000e+03     1.2658866789e-06    2.4031266173e-07    1.0255740172e-06
5.7000000000e+03     1.2692819542e-06    2.4028628041e-07    1.0289956737e-06
5.7125000000e+03     1.2714329687e-06    2.4007492495e-07    1.0313580437e-06
5.7250000000e+03     1.2722859069e-06    2.3967197136e-07    1.0326139356e-06
5.7375000000e+03     1.2719738135e-06    2.3907183304e-07    1.0329019805e-06
5.7500000000e+03     1.2706599538e-06    2.3827006220e-07    1.0323898916e-06
5.7625000000e+03     1.2685984139e-06    2.3726383608e-07    1.0313345779e-06
5.7750000000e+03     1.2660871985e-06    2.3605249402e-07    1.0300347045e-06
5.7875000000e+03     1.2634298438e-06    2.3463799045e-07    1.0287918533e-06
5.8000000000e+03     1.2608974246e-06    2.3302520862e-07    1.0278722160e-06
5.8125000000e+03     1.2586952408e-06    2.3122213172e-07    1.0274731091e-06
5.8250000000e+03     1.2569384154e-06    2.2923990428e-07    1.0276985112e-06
5.8375000000e+03     1.2556395192e-06    2.2709283505e-07    1.0285466841e-06
5.8500000000e+03     1.2547100247e-06    2.2479839111e-07    1.0299116336e-06
5.8625000000e+03     1.2539762284e-06    2.2237721512e-07    1.0315990133e-06
5.8750000000e+03     1.2532106104e-06    2.1985316852e-07    1.0333574419e-06
5.8875000000e+03     1.2522674849e-06    2.1725337306e-07    1.0350141118e-06
5.9000000000e+03     1.2505673172e-06    2.1460820191e-07    1.0359591152e-06
5.9125000000e+03     1.2483001050e-06    2.1195116814e-07    1.0363489369e-06
5.9250000000e+03     1.2453368786e-06    2.0931868499e-07    1.0360181936e-06
5.9375000000e+03     1.2417615009e-06    2.0674975772e-07    1.0350117431e-06
5.9500000000e+03     1.2378137947e-06    2.0428596070e-07    1.0335278340e-06
5.9625000000e+03     1.2338767366e-06    2.0197366725e-07    1.0319030693e-06
5.9750000000e+03     1.2304768703e-06    1.9989122959e-07    1.0305856407e-06
5.9875000000e+03     1.2281859536e-06    1.9809202306e-07    1.0300939305e-06
6.0000000000e+03     1.2271606558e-06    1.9619671275e-07    1.0309639430e-06
6.0125000000e+03     1.2284598944e-06    1.9476958274e-07    1.0336903117e-06
6.0250000000e+03     1.2323436552e-06    1.9367714241e-07    1.0386665128e-06
6.0375000000e+03     1.2390606696e-06    1.9292874802e-07    1.0461319215e-06
6.0500000000e+03     1.2486978275e-06    1.9253778373e-07    1.0561600437e-06
6.0625000000e+03     1.2609481611e-06    1.9251374810e-07    1.0684344130e-06
6.0750000000e+03     1.2754341013e-06    1.9286054949e-07    1.0825735518e-06
6.0875000000e+03     1.2916013833e-06    1.9357597764e-07    1.0980254057e-06
6.1000000000e+03     1.3086212914e-06    1.9465167115e-07    1.1139696203e-06
6.1125000000e+03     1.3256042506e-06    1.9607359036e-07    1.1295306603e-06
6.1250000000e+03     1.3419209957e-06    1.9782365782e-07    1.1440973379e-06
6.1375000000e+03     1.3557498222e-06    1.9988780295e-07    1.1558620193e-06
6.1500000000e+03     1.3676524922e-06    2.0253686637e-07    1.1651156259e-06
6.1625000000e+03     1.3757581698e-06    2.0471956612e-07    1.1710386037e-06
6.1750000000e+03     1.3807480589e-06    2.0740287234e-07    1.1733451865e-06
6.1875000000e+03     1.3822844425e-06    2.1027843882e-07    1.1720060037e-06
6.2000000000e+03     1.3805283426e-06    2.1328444470e-07    1.1672438979e-06
6.2125000000e+03     1.3759613971e-06    2.1637844767e-07    1.1595829494e-06
6.2250000000e+03     1.3688503436e-06    2.1952158196e-07    1.1493287616e-06
6.2375000000e+03     1.3600475821e-06    2.2267655657e-07    1.1373710255e-06
6.2500000000e+03     1.3504194008e-06    2.2580716313e-07    1.1246122377e-06
6.2625000000e+03     1.3406507753e-06    2.2887811115e-07    1.1117726642e-06
6.2750000000e+03     1.3314185566e-06    2.3185503562e-07    1.0995635210e-06
6.2875000000e+03     1.3233008101e-06    2.3470467903e-07    1.0885961310e-06
6.3000000000e+03     1.3167606071e-06    2.3739525148e-07    1.0793653556e-06
6.3125000000e+03     1.3121099544e-06    2.3989693793e-07    1.0722130165e-06
6.3250000000e+03     1.3090870607e-06    2.4218248724e-07    1.0669045735e-06
6.3375000000e+03     1.3081139285e-06    2.4422780156e-07    1.0638861269e-06
6.3500000000e+03     1.3088877322e-06    2.4601245208e-07    1.0628752801e-06
6.3625000000e+03     1.3129877017e-06    2.4752007714e-07    1.0654676246e-06
6.3750000000e+03     1.3142641400e-06    2.4873865963e-07    1.0655254804e-06
6.3875000000e+03     1.3201856815e-06    2.4966071952e-07    1.0705249620e-06
6.4000000000e+03     1.3222175889e-06    2.5028348075e-07    1.0719341082e-06
6.4125000000e+03     1.3264764082e-06    2.5060907073e-07    1.0758673375e-06
6.4250000000e+03     1.3297096653e-06    2.5064478536e-07    1.0790648799e-06
6.4375000000e+03     1.3326873536e-06    2.5040341006e-07    1.0822839436e-06
6.4500000000e+03     1.3351975475e-06    2.4990354107e-07    1.0852940064e-06
6.4625000000e+03     1.3372633576e-06    2.4916981665e-07    1.0880935409e-06
6.4750000000e+03     1.3390609061e-06    2.4823295575e-07    1.0908279503e-06
6.4875000000e+03     1.3408575550e-06    2.4712951752e-07    1.0937280375e-06
6.5000000000e+03     1.3429808962e-06    2.4590133385e-07    1.0970795623e-06
6.5125000000e+03     1.3457892775e-06    2.4459461747e-07    1.1011946600e-06
6.5250000000e+03     1.3496420368e-06    2.4325879548e-07    1.1063832413e-06
6.5375000000e+03     1.3548690357e-06    2.4194514815e-07    1.1129238875e-06
6.5500000000e+03     1.3617393573e-06    2.4070533877e-07    1.1210340186e-06
6.5625000000e+03     1.3704299994e-06    2.3958990389e-07    1.1308400955e-06
6.5750000000e+03     1.3809969149e-06    2.3864674390e-07    1.1423501710e-06
6.5875000000e+03     1.3933521881e-06    2.3791962692e-07    1.1554325612e-06
6.6000000000e+03     1.4072517615e-06    2.3744670810e-07    1.1698050534e-06
6.6125000000e+03     1.4222975495e-06    2.3725907991e-07    1.1850384696e-06
6.6250000000e+03     1.4379560166e-06    2.3737940502e-07    1.2005766116e-06
6.6375000000e+03     1.4535927671e-06    2.3782073000e-07    1.2157720371e-06
6.6500000000e+03     1.4685200065e-06    2.3858561642e-07    1.2299343901e-06
6.6625000000e+03     1.4820515212e-06    2.3966573764e-07    1.2423857836e-06
6.6750000000e+03     1.4935585404e-06    2.4104206074e-07    1.2525164796e-06
6.6875000000e+03     1.5025197725e-06    2.4268566372e-07    1.2598341088e-06
6.7000000000e+03     1.5085600172e-06    2.4455914124e-07    1.2640008760e-06
6.7125000000e+03     1.5114737586e-06    2.4661845112e-07    1.2648553075e-06
6.7250000000e+03     1.5112325406e-06    2.4881497862e-07    1.2624175620e-06
6.7375000000e+03     1.5079771262e-06    2.5109756809e-07    1.2568795581e-06
6.7500000000e+03     1.5019970143e-06    2.5341430475e-07    1.2485827096e-06
6.7625000000e+03     1.4937006768e-06    2.5571391477e-07    1.2379867620e-06
6.7750000000e+03     1.4835800609e-06    2.5794676714e-07    1.2256332937e-06
6.7875000000e+03     1.4721728138e-06    2.6006557012e-07    1.2121072437e-06
6.8000000000e+03     1.4600256025e-06    2.6202592530e-07    1.1979996772e-06
6.8125000000e+03     1.4476618365e-06    2.6378690888e-07    1.1838749276e-06
6.8250000000e+03     1.4355568301e-06    2.6531178978e-07    1.1702450404e-06
6.8375000000e+03     1.4241226411e-06    2.6656888616e-07    1.1575537550e-06
6.8500000000e+03     1.4137033487e-06    2.6753244185e-07    1.1461709068e-06
6.8625000000e+03     1.4045795748e-06    2.6818331612e-07    1.1363962587e-06
6.8750000000e+03     1.3969790851e-06    2.6850925885e-07    1.1284698262e-06
6.8875000000e+03     1.3910889470e-06    2.6850460493e-07    1.1225843421e-06
6.9000000000e+03     1.3870644354e-06    2.6816935464e-07    1.1188950807e-06
6.9125000000e+03     1.3850308156e-06    2.6750777453e-07    1.1175230411e-06
6.9250000000e+03     1.3850760906e-06    2.6652680406e-07    1.1185492865e-06
6.9375000000e+03     1.3872352827e-06    2.6523463652e-07    1.1220006462e-06
6.9500000000e+03     1.3914692282e-06    2.6363982723e-07    1.1278294010e-06
6.9625000000e+03     1.3976426201e-06    2.6175116455e-07    1.1358914555e-06
6.9750000000e+03     1.4055067531e-06    2.5957835192e-07    1.1459284012e-06
6.9875000000e+03     1.4146919613e-06    2.5713334547e-07    1.1575586158e-06
7.0000000000e+03     1.4247132441e-06    2.5443203412e-07    1.1702812099e-06
7.0125000000e+03     1.4349904238e-06    2.5149588625e-07    1.1834945375e-06
7.0250000000e+03     1.4448818753e-06    2.4835323601e-07    1.1965286393e-06
7.0375000000e+03     1.4537288710e-06    2.4504002529e-07    1.2086888457e-06
7.0500000000e+03     1.4609062219e-06    2.4160000223e-07    1.2193062197e-06
7.0625000000e+03     1.4658742577e-06    2.3808453799e-07    1.2277897197e-06
7.0750000000e+03     1.4682272143e-06    2.3455230183e-07    1.2336749125e-06
7.0875000000e+03     1.4677335930e-06    2.3106899920e-07    1.2366645938e-06
7.1000000000e+03     1.4643648142e-06    2.2770724101e-07    1.2366575732e-06
7.1125000000e+03     1.4583093263e-06    2.2454642083e-07    1.2337629054e-06
7.1250000000e+03     1.4499701524e-06    2.2167230526e-07    1.2282978471e-06
7.1375000000e+03     1.4399447074e-06    2.1917595925e-07    1.2207687482e-06
7.1500000000e+03     1.4289867649e-06    2.1715167730e-07    1.2118350876e-06
7.1625000000e+03     1.4179519572e-06    2.1569377350e-07    1.2022581837e-06
7.1750000000e+03     1.4077302784e-06    2.1489235079e-07    1.1928379276e-06
7.1875000000e+03     1.3991715458e-06    2.1482844467e-07    1.1843431012e-06
7.2000000000e+03     1.3930120372e-06    2.1556913186e-07    1.1774429053e-06
7.2125000000e+03     1.3898116564e-06    2.1716324457e-07    1.1726484118e-06
7.2250000000e+03     1.3899101912e-06    2.1963821657e-07    1.1702719747e-06
7.2375000000e+03     1.3934083072e-06    2.2299833824e-07    1.1704099689e-06
7.2500000000e+03     1.4001745222e-06    2.2722439222e-07    1.1729501300e-06
7.2625000000e+03     1.4098748516e-06    2.3227437246e-07    1.1776004791e-06
7.2750000000e+03     1.4220185288e-06    2.3808484243e-07    1.1839336864e-06
7.2875000000e+03     1.4360120341e-06    2.4457250644e-07    1.1914395277e-06
7.3000000000e+03     1.4512144653e-06    2.5163573803e-07    1.1995787273e-06
7.3125000000e+03     1.4669891199e-06    2.5915606893e-07    1.2078330510e-06
7.3250000000e+03     1.4827479122e-06    2.6699989237e-07    1.2157480198e-06
7.3375000000e+03     1.4979862738e-06    2.7502078147e-07    1.2229654923e-06
7.3500000000e+03     1.5123066358e-06    2.8306280478e-07    1.2292438310e-06
7.3625000000e+03     1.5254290924e-06    2.9096503023e-07    1.2344640622e-06
7.3750000000e+03     1.5371889952e-06    2.9856710071e-07    1.2386218945e-06
7.3875000000e+03     1.5475230126e-06    3.0571543603e-07    1.2418075766e-06
7.4000000000e+03     1.5564470340e-06    3.1226937563e-07    1.2441776584e-06
7.4125000000e+03     1.5640304061e-06    3.1810650684e-07    1.2459238993e-06
7.4250000000e+03     1.5703708945e-06    3.2312655343e-07    1.2472443411e-06
7.4375000000e+03     1.5755736169e-06    3.2725349083e-07    1.2483201261e-06
7.4500000000e+03     1.5797356042e-06    3.3043591858e-07    1.2492996856e-06
7.4625000000e+03     1.5829362859e-06    3.3264604410e-07    1.2502902418e-06
7.4750000000e+03     1.5852334150e-06    3.3387781771e-07    1.2513555973e-06
7.4875000000e+03     1.5866636787e-06    3.3414476059e-07    1.2525189181e-06
7.5000000000e+03     1.5872471529e-06    3.3347786232e-07    1.2537692906e-06
7.5125000000e+03     1.5869945382e-06    3.3192366837e-07    1.2550708698e-06
7.5250000000e+03     1.5859156813e-06    3.2954243439e-07    1.2563732470e-06
7.5375000000e+03     1.5840274052e-06    3.2640608721e-07    1.2576213180e-06
7.5500000000e+03     1.5813584825e-06    3.2259575166e-07    1.2587627309e-06
7.5625000000e+03     1.5779500500e-06    3.1819876408e-07    1.2597512859e-06
7.5750000000e+03     1.5738509940e-06    3.1330532985e-07    1.2605456641e-06
7.5875000000e+03     1.5691096190e-06    3.0800519565e-07    1.2611044234e-06
7.6000000000e+03     1.5637645788e-06    3.0238480929e-07    1.2613797695e-06
7.6125000000e+03     1.5578387784e-06    2.9652538695e-07    1.2613133915e-06
7.6250000000e+03     1.5513391970e-06    2.9050211301e-07    1.2608370840e-06
7.6375000000e+03     1.5442634908e-06    2.8438442932e-07    1.2598790615e-06
7.6500000000e+03     1.5366117480e-06    2.7823712226e-07    1.2583746257e-06
7.6625000000e+03     1.5284001052e-06    2.7212177024e-07    1.2562783350e-06
7.6750000000e+03     1.5196728794e-06    2.6609811370e-07    1.2535747657e-06
7.6875000000e+03     1.5105111997e-06    2.6022504191e-07    1.2502861578e-06
7.7000000000e+03     1.5010378092e-06    2.5456109414e-07    1.2464767151e-06
7.7125000000e+03     1.4914186071e-06    2.4916456514e-07    1.2422540420e-06
7.7250000000e+03     1.4818612397e-06    2.4409341430e-07    1.2377678254e-06
7.7375000000e+03     1.4726102035e-06    2.3940517031e-07    1.2332050332e-06
7.7500000000e+03     1.4639375472e-06    2.3515691446e-07    1.2287806327e-06
7.7625000000e+03     1.4561289633e-06    2.3140527105e-07    1.2247236922e-06
7.7750000000e+03     1.4494665498e-06    2.2820620526e-07    1.2212603445e-06
7.7875000000e+03     1.4442108111e-06    2.2561438615e-07    1.2185964250e-06
7.8000000000e+03     1.4405847070e-06    2.2368193819e-07    1.2169027688e-06
7.8125000000e+03     1.4387616698e-06    2.2245655642e-07    1.2163051134e-06
7.8250000000e+03     1.4388581846e-06    2.2197914371e-07    1.2168790409e-06
7.8375000000e+03     1.4409305881e-06    2.2228127387e-07    1.2186493142e-06
7.8500000000e+03     1.4449755296e-06    2.2338284014e-07    1.2215926894e-06
7.8625000000e+03     1.4509336918e-06    2.2529019683e-07    1.2256434950e-06
7.8750000000e+03     1.4586963436e-06    2.2799496687e-07    1.2307013767e-06
7.8875000000e+03     1.4681138343e-06    2.3147352275e-07    1.2366403116e-06
7.9000000000e+03     1.4790045701e-06    2.3568701738e-07    1.2433175527e-06
7.9125000000e+03     1.4911628521e-06    2.4058178857e-07    1.2505810636e-06
7.9250000000e+03     1.5043644861e-06    2.4608999856e-07    1.2582744876e-06
7.9375000000e+03     1.5183700656e-06    2.5213047071e-07    1.2662395949e-06
7.9500000000e+03     1.5329267903e-06    2.5860979723e-07    1.2743169931e-06
7.9625000000e+03     1.5477702092e-06    2.6542385808e-07    1.2823463511e-06
7.9750000000e+03     1.5626272920e-06    2.7245987918e-07    1.2901674129e-06
7.9875000000e+03     1.5772218773e-06    2.7959906659e-07    1.2976228107e-06
8.0000000000e+03     1.5912829234e-06    2.8671971997e-07    1.3045632034e-06
8.0125000000e+03     1.6045551589e-06    2.9370060558e-07    1.3108545533e-06
8.0250000000e+03     1.6168107835e-06    3.0042430577e-07    1.3163864777e-06
8.0375000000e+03     1.6278601390e-06    3.0678028077e-07    1.3210798582e-06
8.0500000000e+03     1.6375591743e-06    3.1266746548e-07    1.3248917088e-06
8.0625000000e+03     1.6458122702e-06    3.1799633989e-07    1.3278159304e-06
8.0750000000e+03     1.6525703057e-06    3.2269050635e-07    1.3298797994e-06
8.0875000000e+03     1.6578251042e-06    3.2668784813e-07    1.3311372561e-06
8.1000000000e+03     1.6616020050e-06    3.2994132809e-07    1.3316606769e-06
8.1125000000e+03     1.6639521360e-06    3.3241943824e-07    1.3315326978e-06
8.1250000000e+03     1.6649453663e-06    3.3410627247e-07    1.3308390938e-06
8.1375000000e+03     1.6646643870e-06    3.3500119490e-07    1.3296631921e-06
8.1500000000e+03     1.6632001520e-06    3.3511812207e-07    1.3280820300e-06
8.1625000000e+03     1.6606488904e-06    3.3448450374e-07    1.3261643867e-06
8.1750000000e+03     1.6571108344e-06    3.3314013383e-07    1.3239707006e-06
8.1875000000e+03     1.6526905686e-06    3.3113591541e-07    1.3215546532e-06
8.2000000000e+03     1.6474985959e-06    3.2853263403e-07    1.3189659619e-06
8.2125000000e+03     1.6416534683e-06    3.2539969011e-07    1.3162537782e-06
8.2250000000e+03     1.6352836703e-06    3.2181365518e-07    1.3134700151e-06
8.2375000000e+03     1.6285283334e-06    3.1785650111e-07    1.3106718323e-06
8.2500000000e+03     1.6215358443e-06    3.1361342944e-07    1.3079224149e-06
8.2625000000e+03     1.6144596872e-06    3.0917038021e-07    1.3052893069e-06
8.2750000000e+03     1.6074515737e-06    3.0461146529e-07    1.3028401084e-06
8.2875000000e+03     1.6006529021e-06    3.0001667500e-07    1.3006362271e-06
8.3000000000e+03     1.5941863421e-06    2.9546018986e-07    1.2987261523e-06
8.3125000000e+03     1.5881493473e-06    2.9100948186e-07    1.2971398654e-06
8.3250000000e+03     1.5826105550e-06    2.8672515696e-07    1.2958853980e-06
8.3375000000e+03     1.5776088546e-06    2.8266126168e-07    1.2949475929e-06
8.3500000000e+03     1.5731541671e-06    2.7886564522e-07    1.2942885219e-06
8.3625000000e+03     1.5692291338e-06    2.7537999652e-07    1.2938491373e-06
8.3750000000e+03     1.5657917053e-06    2.7223936117e-07    1.2935523441e-06
8.3875000000e+03     1.5627792840e-06    2.6947121889e-07    1.2933080651e-06
8.4000000000e+03     1.5601149925e-06    2.6709445931e-07    1.2930205332e-06
8.4125000000e+03     1.5577158971e-06    2.6511872508e-07    1.2925971720e-06
8.4250000000e+03     1.5555023196e-06    2.6354453551e-07    1.2919577841e-06
8.4375000000e+03     1.5534073577e-06    2.6236437545e-07    1.2910429823e-06
8.4500000000e+03     1.5513862766e-06    2.6156461652e-07    1.2898216601e-06
8.4625000000e+03     1.5494256978e-06    2.6112785518e-07    1.2882978426e-06
8.4750000000e+03     1.5475517653e-06    2.6103511571e-07    1.2865166496e-06
8.4875000000e+03     1.5458350393e-06    2.6126742895e-07    1.2845676103e-06
8.5000000000e+03     1.5443890862e-06    2.6180653167e-07    1.2825825546e-06
8.5125000000e+03     1.5433608809e-06    2.6263473928e-07    1.2807261416e-06
8.5250000000e+03     1.5429140873e-06    2.6373430106e-07    1.2791797862e-06
8.5375000000e+03     1.5432093261e-06    2.6508665574e-07    1.2781226704e-06
8.5500000000e+03     1.5443865994e-06    2.6667193574e-07    1.2777146636e-06
8.5625000000e+03     1.5465534311e-06    2.6846887290e-07    1.2780845582e-06
8.5750000000e+03     1.5497793076e-06    2.7045503891e-07    1.2793242687e-06
8.5875000000e+03     1.5540948334e-06    2.7260721582e-07    1.2814876176e-06
8.6000000000e+03     1.5594938424e-06    2.7490169199e-07    1.2845921504e-06
8.6125000000e+03     1.5659378138e-06    2.7731439891e-07    1.2886234149e-06
8.6250000000e+03     1.5733626491e-06    2.7982096309e-07    1.2935416860e-06
8.6375000000e+03     1.5816872406e-06    2.8239684563e-07    1.2992903950e-06
8.6500000000e+03     1.5908220214e-06    2.8501771481e-07    1.3058043066e-06
8.6625000000e+03     1.6006753132e-06    2.8766005094e-07    1.3130152623e-06
8.6750000000e+03     1.6111563924e-06    2.9030179445e-07    1.3208545980e-06
8.6875000000e+03     1.6221758007e-06    2.9292272670e-07    1.3292530740e-06
8.7000000000e+03     1.6336439769e-06    2.9550430312e-07    1.3381396738e-06
8.7125000000e+03     1.6454683627e-06    2.9802885001e-07    1.3474395127e-06
8.7250000000e+03     1.6575480338e-06    3.0047831783e-07    1.3570697160e-06
8.7375000000e+03     1.6697653604e-06    3.0283302544e-07    1.3669323350e-06
8.7500000000e+03     1.6819764222e-06    3.0507091046e-07    1.3769055117e-06
8.7625000000e+03     1.6940040679e-06    3.0716766428e-07    1.3868364036e-06
8.7750000000e+03     1.7056373122e-06    3.0909782015e-07    1.3965394921e-06
8.7875000000e+03     1.7166377941e-06    3.1083650612e-07    1.4058012880e-06
8.8000000000e+03     1.7267504616e-06    3.1236132664e-07    1.4143891350e-06
8.8125000000e+03     1.7357144750e-06    3.1365381045e-07    1.4220606646e-06
8.8250000000e+03     1.7432724935e-06    3.1470007117e-07    1.4285724224e-06
8.8375000000e+03     1.7491798995e-06    3.1549067895e-07    1.4336892205e-06
8.8500000000e+03     1.7532167719e-06    3.1602007626e-07    1.4371966957e-06
8.8625000000e+03     1.7552031403e-06    3.1628603530e-07    1.4389171050e-06
8.8750000000e+03     1.7550142680e-06    3.1628957217e-07    1.4387246958e-06
8.8875000000e+03     1.7525911459e-06    3.1603544531e-07    1.4365557005e-06
8.9000000000e+03     1.7479438970e-06    3.1553300890e-07    1.4324108881e-06
8.9125000000e+03     1.7411505096e-06    3.1479693941e-07    1.4263535702e-06
8.9250000000e+03     1.7323560527e-06    3.1384732919e-07    1.4185087235e-06
8.9375000000e+03     1.7217756042e-06    3.1270886204e-07    1.4090667421e-06
8.9500000000e+03     1.7096988976e-06    3.1140915108e-07    1.3982897465e-06
8.9625000000e+03     1.6964905473e-06    3.0997665873e-07    1.3865138886e-06
8.9750000000e+03     1.6825802731e-06    3.0843877261e-07    1.3741415005e-06
8.9875000000e+03     1.6684424994e-06    3.0682051068e-07    1.3616219887e-06
9.0000000000e+03     1.6545700696e-06    3.0514402595e-07    1.3494260437e-06
9.0125000000e+03     1.6414483971e-06    3.0342872680e-07    1.3380196703e-06
9.0250000000e+03     1.6295333314e-06    3.0169159491e-07    1.3278417365e-06
9.0375000000e+03     1.6192314407e-06    2.9994727972e-07    1.3192841609e-06
9.0500000000e+03     1.6108794841e-06    2.9820776902e-07    1.3126717150e-06
9.0625000000e+03     1.6047222278e-06    2.9648176021e-07    1.3082404676e-06
9.0750000000e+03     1.6008922470e-06    2.9477411668e-07    1.3061181303e-06
9.0875000000e+03     1.5993979450e-06    2.9308585120e-07    1.3063120938e-06
9.1000000000e+03     1.6001243467e-06    2.9141490165e-07    1.3087094451e-06
9.1125000000e+03     1.6028464652e-06    2.8975763792e-07    1.3130888273e-06
9.1250000000e+03     1.6072508049e-06    2.8811072323e-07    1.3191400817e-06
9.1375000000e+03     1.6129597830e-06    2.8647280111e-07    1.3264869819e-06
9.1500000000e+03     1.6195564519e-06    2.8484556353e-07    1.3347108884e-06
9.1625000000e+03     1.6266101032e-06    2.8323402955e-07    1.3433760736e-06
9.1750000000e+03     1.6337041225e-06    2.8164619235e-07    1.3520579302e-06
9.1875000000e+03     1.6404652142e-06    2.8009241522e-07    1.3603727990e-06
9.2000000000e+03     1.6465899515e-06    2.7858497407e-07    1.3680049774e-06
9.2125000000e+03     1.6518634409e-06    2.7713795917e-07    1.3747254817e-06
9.2250000000e+03     1.6561668301e-06    2.7576746817e-07    1.3803993619e-06
9.2375000000e+03     1.6594738988e-06    2.7449179446e-07    1.3849821043e-06
9.2500000000e+03     1.6618394218e-06    2.7333125867e-07    1.3885081631e-06
9.2625000000e+03     1.6633820609e-06    2.7230747098e-07    1.3910745899e-06
9.2750000000e+03     1.6642632732e-06    2.7144207246e-07    1.3928212008e-06
9.2875000000e+03     1.6646632127e-06    2.7075524927e-07    1.3939079635e-06
9.3000000000e+03     1.6647557875e-06    2.7026441970e-07    1.3944913678e-06
9.3125000000e+03     1.6646867489e-06    2.6998341357e-07    1.3947033353e-06
9.3250000000e+03     1.6645589118e-06    2.6992224740e-07    1.3946366644e-06
9.3375000000e+03     1.6644265986e-06    2.7008736498e-07    1.3943392337e-06
9.3500000000e+03     1.6642985621e-06    2.7048208137e-07    1.3938164807e-06
9.3625000000e+03     1.6641471063e-06    2.7110699447e-07    1.3930401119e-06
9.3750000000e+03     1.6639216354e-06    2.7196027572e-07    1.3919613597e-06
9.3875000000e+03     1.6635659206e-06    2.7303791765e-07    1.3905280029e-06
9.4000000000e+03     1.6630378492e-06    2.7433409197e-07    1.3887037572e-06
9.4125000000e+03     1.6623278676e-06    2.7584170917e-07    1.3864861585e-06
9.4250000000e+03     1.6614699321e-06    2.7755310940e-07    1.3839168227e-06
9.4375000000e+03     1.6605395535e-06    2.7946066729e-07    1.3810788862e-06
9.4500000000e+03     1.6596385152e-06    2.8155712729e-07    1.3780813880e-06
9.4625000000e+03     1.6588735943e-06    2.8383637695e-07    1.3750372174e-06
9.4750000000e+03     1.6584059559e-06    2.8633374276e-07    1.3720722132e-06
9.4875000000e+03     1.6584744525e-06    2.8914541930e-07    1.3693290332e-06
9.5000000000e+03     1.6581949601e-06    2.9173132295e-07    1.3664636372e-06
9.5125000000e+03     1.6583723402e-06    2.9454349997e-07    1.3638288402e-06
9.5250000000e+03     1.6595217292e-06    2.9787239581e-07    1.3616493334e-06
9.5375000000e+03     1.6598073653e-06    3.0064549326e-07    1.3591618721e-06
9.5500000000e+03     1.6604491209e-06    3.0356361199e-07    1.3568855089e-06
9.5625000000e+03     1.6613727695e-06    3.0656142666e-07    1.3548113429e-06
9.5750000000e+03     1.6624543172e-06    3.0952528884e-07    1.3529290284e-06
9.5875000000e+03     1.6670566395e-06    3.1433490112e-07    1.3527217384e-06
9.6000000000e+03     1.6654664881e-06    3.1525417977e-07    1.3502123083e-06
9.6125000000e+03     1.6667824734e-06    3.1744736522e-07    1.3493351081e-06
9.6250000000e+03     1.6688952389e-06    3.1956017231e-07    1.3493350665e-06
9.6375000000e+03     1.6716355605e-06    3.2137835185e-07    1.3502572086e-06
9.6500000000e+03     1.6751116287e-06    3.2286901659e-07    1.3522426121e-06
9.6625000000e+03     1.6805801611e-06    3.2469232677e-07    1.3558878343e-06
9.6750000000e+03     1.6847310673e-06    3.2488713415e-07    1.3598439331e-06
9.6875000000e+03     1.6913554154e-06    3.2564927494e-07    1.3657061405e-06
9.7000000000e+03     1.6968953791e-06    3.2492925133e-07    1.3719661278e-06
9.7125000000e+03     1.7037269696e-06    3.2415331310e-07    1.3795736565e-06
9.7250000000e+03     1.7114963630e-06    3.2317477316e-07    1.3883215899e-06
9.7375000000e+03     1.7199016041e-06    3.2189051666e-07    1.3980110875e-06
9.7500000000e+03     1.7290159977e-06    3.2041512581e-07    1.4086008719e-06
9.7625000000e+03     1.7510781710e-06    3.2588957404e-07    1.4251885970e-06
9.7750000000e+03     1.7483226819e-06    3.1655899466e-07    1.4317636873e-06
9.7875000000e+03     1.7584253670e-06    3.1426594126e-07    1.4441594257e-06
9.8000000000e+03     1.7691388694e-06    3.1201630507e-07    1.4571225643e-06
9.8125000000e+03     1.7818896867e-06    3.1071857216e-07    1.4711711145e-06
9.8250000000e+03     1.7929089415e-06    3.0836430957e-07    1.4845446319e-06
9.8375000000e+03     1.8023068936e-06    3.0511199068e-07    1.4971949029e-06
9.8500000000e+03     1.8130927705e-06    3.0286054501e-07    1.5102322255e-06
9.8625000000e+03     1.8232875806e-06    3.0067622213e-07    1.5226113585e-06
9.8750000000e+03     1.8337892024e-06    2.9927567371e-07    1.5345135287e-06
9.8875000000e+03     1.8405373568e-06    2.9652886809e-07    1.5440084887e-06
9.9000000000e+03     1.8470000825e-06    2.9469883937e-07    1.5523012431e-06
9.9125000000e+03     1.8513602754e-06    2.9299359013e-07    1.5583666852e-06
9.9250000000e+03     1.8535212086e-06    2.9157809017e-07    1.5619431184e-06
9.9375000000e+03     1.8530938314e-06    2.9042559535e-07    1.5626682360e-06
9.9500000000e+03     1.8497993609e-06    2.8952019870e-07    1.5602791622e-06
9.9625000000e+03     1.8435387748e-06    2.8889337112e-07    1.5546454037e-06
9.9750000000e+03     1.8379975486e-06    2.9066068337e-07    1.5473368652e-06
9.9875000000e+03     1.8233219036e-06    2.8913018113e-07    1.5341917225e-06
1.0000000000e+04     1.8098911602e-06    2.8974676018e-07    1.5201444000e-06
1.0012500000e+04     1.8185158613e-06    3.0503287557e-07    1.5134829857e-06
1.0025000000e+04     1.7719775427e-06    2.9028410741e-07    1.4816934353e-06
1.0037500000e+04     1.7519472590e-06    2.9139999667e-07    1.4605472623e-06
1.0050000000e+04     1.7408781166e-06    2.9593599742e-07    1.4449421191e-06
1.0062500000e+04     1.7095469363e-06    2.9430005237e-07    1.4152468840e-06
1.0075000000e+04     1.6881289391e-06    2.9587402661e-07    1.3922549125e-06
1.0087500000e+04     1.6677281721e-06    2.9787615513e-07    1.3698520169e-06
1.0100000000e+04     1.6483608864e-06    2.9997157749e-07    1.3483893089e-06
1.0112500000e+04     1.6743897709e-06    3.1585504343e-07    1.3585347275e-06
1.0125000000e+04     1.6485856374e-06    3.2394033950e-07    1.3246452979e-06
1.0137500000e+04     1.5980810520e-06    3.0497749314e-07    1.2931035589e-06
1.0150000000e+04     1.5858443485e-06    3.0644280727e-07    1.2794015413e-06
1.0162500000e+04     1.6015439408e-06    3.2212070867e-07    1.2794232322e-06
1.0175000000e+04     1.5694496661e-06    3.0813285689e-07    1.2613168092e-06
1.0187500000e+04     1.5716053732e-06    3.1018788150e-07    1.2614174917e-06
1.0200000000e+04     1.5675437632e-06    3.0817648249e-07    1.2593672807e-06
1.0212500000e+04     1.5723272403e-06    3.0720692711e-07    1.2651203132e-06
1.0225000000e+04     1.5815873340e-06    3.0601785671e-07    1.2755694773e-06
1.0237500000e+04     1.5955992145e-06    3.0462627942e-07    1.2909729351e-06
1.0250000000e+04     1.6144026046e-06    3.0310333624e-07    1.3112992684e-06
1.0262500000e+04     1.6467122268e-06    3.0375888221e-07    1.3429533446e-06
1.0275000000e+04     5.3911720274e-06    1.7040439708e-06    3.6871280566e-06
1.0287500000e+04     1.7076471531e-06    3.0191037721e-07    1.4057367759e-06
1.0300000000e+04     1.7238913954e-06    2.9471230267e-07    1.4291790928e-06
1.0312500000e+04     1.7871320491e-06    3.1018519193e-07    1.4769468572e-06
1.0325000000e+04     1.7876010769e-06    2.8977075610e-07    1.4978303208e-06
1.0337500000e+04     1.8331942607e-06    2.8741155558e-07    1.5457827051e-06
1.0350000000e+04     1.8585586454e-06    2.8607328131e-07    1.5724853641e-06
1.0362500000e+04     1.9503623958e-06    3.2006731258e-07    1.6302950832e-06
1.0375000000e+04     2.1453285975e-06    2.8273838235e-07    1.8625902152e-06
1.0387500000e+04     2.0392539519e-06    3.3406814501e-07    1.7051858069e-06
1.0400000000e+04     1.9357437229e-06    2.7785128722e-07    1.6578924357e-06
1.0412500000e+04     1.9899904853e-06    3.0115266042e-07    1.6888378248e-06
1.0425000000e+04     1.9662371780e-06    2.7623319925e-07    1.6900039788e-06
1.0437500000e+04     1.9556364355e-06    2.7409984895e-07    1.6815365865e-06
1.0450000000e+04     1.9536267235e-06    2.7411776975e-07    1.6795089537e-06
1.0462500000e+04     2.0475594090e-06    3.3000236687e-07    1.7175570421e-06
1.0475000000e+04     1.9542566949e-06    2.7834392036e-07    1.6759127745e-06
1.0487500000e+04     1.9226203641e-06    2.7639745905e-07    1.6462229050e-06
1.0500000000e+04     1.9295039476e-06    2.8178360864e-07    1.6477203390e-06
1.0512500000e+04     1.8861308532e-06    2.8006718129e-07    1.6060636719e-06
1.0525000000e+04     1.9062907912e-06    3.0050272689e-07    1.6057880643e-06
1.0537500000e+04     1.8373330362e-06    2.8551643714e-07    1.5518165990e-06
1.0550000000e+04     1.8273490097e-06    2.9588819142e-07    1.5314608183e-06
1.0562500000e+04     1.7843812382e-06    2.9092391360e-07    1.4934573246e-06
1.0575000000e+04     1.7683521586e-06    2.9777484173e-07    1.4705773169e-06
1.0587500000e+04     1.7477867034e-06    3.0411875937e-07    1.4436679440e-06
1.0600000000e+04     1.7180122214e-06    3.0313096282e-07    1.4148812586e-06
1.0612500000e+04     1.6931296953e-06    3.0666197816e-07    1.3864677172e-06
1.0625000000e+04     1.6905018658e-06    3.1197129164e-07    1.3785305742e-06
1.0637500000e+04     1.6762420532e-06    3.1572325834e-07    1.3605187949e-06
1.0650000000e+04     1.6653956168e-06    3.1965627395e-07    1.3457393428e-06
1.0662500000e+04     1.6637065046e-06    3.2421685553e-07    1.3394896490e-06
1.0675000000e+04     1.6657285229e-06    3.2880149622e-07    1.3369270267e-06
1.0687500000e+04     1.6763051047e-06    3.3297268002e-07    1.3433324247e-06
1.0700000000e+04     1.6840893828e-06    3.3691606501e-07    1.3471733178e-06
1.0712500000e+04     1.6996758534e-06    3.4054575999e-07    1.3591300934e-06
1.0725000000e+04     1.9531322963e-05    3.4367553830e-07    1.9187647425e-05
1.0737500000e+04     1.7362865813e-06    3.4653831811e-07    1.3897482632e-06
1.0750000000e+04     1.7543903621e-06    3.4882727028e-07    1.4055630918e-06
1.0762500000e+04     1.7741244523e-06    3.5101797047e-07    1.4231064819e-06
1.0775000000e+04     2.5259536046e-06    3.5236675145e-07    2.1735868531e-06
1.0787500000e+04     1.8113975298e-06    3.5311703946e-07    1.4582804904e-06
1.0800000000e+04     1.8284146772e-06    3.5316507463e-07    1.4752496026e-06
1.0812500000e+04     1.8433785624e-06    3.5252065395e-07    1.4908579085e-06
1.0825000000e+04     1.8567079098e-06    3.5110531425e-07    1.5056025955e-06
1.0837500000e+04     1.8680803740e-06    3.4905589764e-07    1.5190244763e-06
1.0850000000e+04     1.8775047345e-06    3.4632514747e-07    1.5311795870e-06
1.0862500000e+04     1.8858705800e-06    3.4300393756e-07    1.5428666424e-06
1.0875000000e+04     1.8921725519e-06    3.3894073630e-07    1.5532318156e-06
1.0887500000e+04     1.8958834770e-06    3.3431066110e-07    1.5615728159e-06
1.0900000000e+04     1.8985827193e-06    3.2923420260e-07    1.5693485166e-06
1.0912500000e+04     1.8998510441e-06    3.2367248932e-07    1.5761785548e-06
1.0925000000e+04     1.9000175453e-06    3.1805650299e-07    1.5819610423e-06
1.0937500000e+04     1.8986815780e-06    3.1210219529e-07    1.5865793827e-06
1.0950000000e+04     1.8957341873e-06    3.0599547265e-07    1.5897387146e-06
1.0962500000e+04     1.8914167778e-06    2.9987566813e-07    1.5915411096e-06
1.0975000000e+04     1.8857984922e-06    2.9390602698e-07    1.5918924652e-06
1.0987500000e+04     1.8786264871e-06    2.8810710078e-07    1.5905193863e-06
1.1000000000e+04     1.8695133726e-06    2.8237432395e-07    1.5871390487e-06
1.1012500000e+04     1.8594678704e-06    2.7695890328e-07    1.5825089672e-06
1.1025000000e+04     1.8477039633e-06    2.7162903554e-07    1.5760749278e-06
1.1037500000e+04     1.8345825041e-06    2.6656428076e-07    1.5680182233e-06
1.1050000000e+04     1.8204777531e-06    2.6182747097e-07    1.5586502821e-06
1.1062500000e+04     1.8058308697e-06    2.5743156733e-07    1.5483993023e-06
1.1075000000e+04     1.7906556646e-06    2.5346844781e-07    1.5371872168e-06
1.1087500000e+04     1.7755576734e-06    2.4986299182e-07    1.5256946816e-06
1.1100000000e+04     1.7607978808e-06    2.4682119626e-07    1.5139766845e-06
1.1112500000e+04     1.7465208249e-06    2.4426264932e-07    1.5022581756e-06
1.1125000000e+04     1.7330695393e-06    2.4216671123e-07    1.4909028281e-06
1.1137500000e+04     1.7208344776e-06    2.4069962734e-07    1.4801348503e-06
1.1150000000e+04     1.7100283682e-06    2.4000008937e-07    1.4700282789e-06
1.1162500000e+04     1.7008108724e-06    2.4007163670e-07    1.4607392357e-06
1.1175000000e+04     1.6933183022e-06    2.4080923714e-07    1.4525090651e-06
1.1187500000e+04     1.6876406074e-06    2.4222653337e-07    1.4454140740e-06
1.1200000000e+04     1.6838343198e-06    2.4429447982e-07    1.4395398399e-06
1.1212500000e+04     1.6818790423e-06    2.4698692310e-07    1.4348921192e-06
1.1225000000e+04     1.6816891147e-06    2.5021489587e-07    1.4314742189e-06
1.1237500000e+04     1.6832183897e-06    2.5394277295e-07    1.4292756167e-06
1.1250000000e+04     1.6862152053e-06    2.5803741217e-07    1.4281777932e-06
1.1262500000e+04     1.6906793264e-06    2.6244291604e-07    1.4282364104e-06
1.1275000000e+04     1.6964123743e-06    2.6706421876e-07    1.4293481555e-06
1.1287500000e+04     1.7033058381e-06    2.7182170794e-07    1.4314841302e-06
1.1300000000e+04     1.7111830516e-06    2.7661327393e-07    1.4345697776e-06
1.1312500000e+04     1.7198709997e-06    2.8138834013e-07    1.4384826596e-06
1.1325000000e+04     1.7291844998e-06    2.8605788820e-07    1.4431266116e-06
1.1337500000e+04     1.7389654058e-06    2.9057016794e-07    1.4483952379e-06
1.1350000000e+04     1.7490895093e-06    2.9488657192e-07    1.4542029374e-06
1.1362500000e+04     1.7594154021e-06    2.9893755259e-07    1.4604778495e-06
1.1375000000e+04     1.7698584680e-06    3.0269757768e-07    1.4671608903e-06
1.1387500000e+04     1.7803100585e-06    3.0615065975e-07    1.4741593988e-06
1.1400000000e+04     1.7905373245e-06    3.0922109198e-07    1.4813162325e-06
1.1412500000e+04     1.8003758937e-06    3.1190174129e-07    1.4884741524e-06
1.1425000000e+04     1.8095847030e-06    3.1413545907e-07    1.4954492439e-06
1.1437500000e+04     1.8179307623e-06    3.1587147793e-07    1.5020592844e-06
1.1450000000e+04     1.8251889228e-06    3.1705907432e-07    1.5081298485e-06
1.1462500000e+04     1.8311629744e-06    3.1765541929e-07    1.5135075551e-06
1.1475000000e+04     1.8356807018e-06    3.1761528950e-07    1.5180654123e-06
1.1487500000e+04     1.8386302863e-06    3.1690251315e-07    1.5217277731e-06
1.1500000000e+04     1.8399865575e-06    3.1549744460e-07    1.5244891129e-06
1.1512500000e+04     1.8398112678e-06    3.1339622770e-07    1.5264150401e-06
1.1525000000e+04     1.8382611782e-06    3.1062627660e-07    1.5276349016e-06
1.1537500000e+04     1.8355511165e-06    3.0723631624e-07    1.5283148002e-06
1.1550000000e+04     1.8319450356e-06    3.0330659628e-07    1.5286384394e-06
1.1562500000e+04     1.8277249954e-06    2.9894066854e-07    1.5287843269e-06
1.1575000000e+04     1.8231712347e-06    2.9426252938e-07    1.5289087053e-06
1.1587500000e+04     1.8185409696e-06    2.8941070173e-07    1.5291302679e-06
1.1600000000e+04     1.8140498493e-06    2.8453088157e-07    1.5295189677e-06
1.1612500000e+04     1.8098589476e-06    2.7976780973e-07    1.5300911379e-06
1.1625000000e+04     1.8060655081e-06    2.7525571205e-07    1.5308097960e-06
1.1637500000e+04     1.8026983528e-06    2.7110957774e-07    1.5315887751e-06
1.1650000000e+04     1.7997250757e-06    2.6742239887e-07    1.5323026769e-06
1.1662500000e+04     1.7970609088e-06    2.6426044550e-07    1.5328004633e-06
1.1675000000e+04     1.7945924978e-06    2.6166458612e-07    1.5329279117e-06
1.1687500000e+04     1.7922049285e-06    2.5965324324e-07    1.5325516853e-06
1.1700000000e+04     1.7897970446e-06    2.5822329272e-07    1.5315737519e-06
1.1712500000e+04     1.7872893626e-06    2.5735425976e-07    1.5299351028e-06
1.1725000000e+04     1.7846183491e-06    2.5700959872e-07    1.5276087504e-06
1.1737500000e+04     1.7817345194e-06    2.5713923985e-07    1.5245952795e-06
1.1750000000e+04     1.7786095847e-06    2.5768303540e-07    1.5209265493e-06
1.1762500000e+04     1.7752540309e-06    2.5857813470e-07    1.5166758962e-06
1.1775000000e+04     1.7717260635e-06    2.5976450901e-07    1.5119615545e-06
1.1787500000e+04     1.7681310092e-06    2.6119117519e-07    1.5069398340e-06
1.1800000000e+04     1.7646064361e-06    2.6281876753e-07    1.5017876686e-06
1.1812500000e+04     1.7613034308e-06    2.6462072048e-07    1.4966827103e-06
1.1825000000e+04     1.7583680923e-06    2.6658277011e-07    1.4917853222e-06
1.1837500000e+04     1.7559257766e-06    2.6870166855e-07    1.4872241080e-06
1.1850000000e+04     1.7540676849e-06    2.7098300628e-07    1.4830846786e-06
1.1862500000e+04     1.7528413569e-06    2.7343727513e-07    1.4794040818e-06
1.1875000000e+04     1.7522435151e-06    2.7607342487e-07    1.4761700902e-06
1.1887500000e+04     1.7522185504e-06    2.7889038664e-07    1.4733281637e-06
1.1900000000e+04     1.7526631172e-06    2.8186866307e-07    1.4707944542e-06
1.1912500000e+04     1.7534392464e-06    2.8496491532e-07    1.4684743310e-06
1.1925000000e+04     1.7543958859e-06    2.8811167925e-07    1.4662842066e-06
1.1937500000e+04     1.7553940610e-06    2.9122216478e-07    1.4641718962e-06
1.1950000000e+04     1.7563271816e-06    2.9419783386e-07    1.4621293478e-06
1.1962500000e+04     1.7571297045e-06    2.9693560587e-07    1.4601940986e-06
1.1975000000e+04     1.7577738719e-06    2.9933269790e-07    1.4584411740e-06
1.1987500000e+04     1.7582599791e-06    3.0128945160e-07    1.4569705275e-06
1.2000000000e+04     1.7586057756e-06    3.0271232485e-07    1.4558934508e-06
1.2012500000e+04     1.7588366862e-06    3.0351917836e-07    1.4553175079e-06
1.2025000000e+04     1.7589763477e-06    3.0364707969e-07    1.4553292680e-06
1.2037500000e+04     1.7590390706e-06    3.0306048639e-07    1.4559785842e-06
1.2050000000e+04     1.7590281935e-06    3.0175662513e-07    1.4572715683e-06
1.2062500000e+04     1.7589419735e-06    2.9976596487e-07    1.4591760086e-06
1.2075000000e+04     1.7587833330e-06    2.9714814084e-07    1.4616351921e-06
1.2087500000e+04     1.7585679943e-06    2.9398577240e-07    1.4645822219e-06
1.2100000000e+04     1.7583293053e-06    2.9037888868e-07    1.4679504166e-06
1.2112500000e+04     1.7581214192e-06    2.8644104703e-07    1.4716803722e-06
1.2125000000e+04     1.7580201288e-06    2.8229601313e-07    1.4757241157e-06
1.2137500000e+04     1.7581165816e-06    2.7807278001e-07    1.4800438016e-06
1.2150000000e+04     1.7585017406e-06    2.7389757939e-07    1.4846041612e-06
1.2162500000e+04     1.7592486856e-06    2.6988375059e-07    1.4893649350e-06
1.2175000000e+04     1.7604046336e-06    2.6612226059e-07    1.4942823730e-06
1.2187500000e+04     1.7619964842e-06    2.6267590681e-07    1.4993205774e-06
1.2200000000e+04     1.7640396637e-06    2.5957861470e-07    1.5044610490e-06
1.2212500000e+04     1.7665363529e-06    2.5683892157e-07    1.5096974314e-06
1.2225000000e+04     1.7694620607e-06    2.5444531393e-07    1.5150167468e-06
1.2237500000e+04     1.7727554278e-06    2.5237139497e-07    1.5203840328e-06
1.2250000000e+04     1.7763258204e-06    2.5058040257e-07    1.5257454178e-06
1.2262500000e+04     1.7800749580e-06    2.4902998761e-07    1.5310449704e-06
1.2275000000e+04     1.7839125595e-06    2.4767824638e-07    1.5362343131e-06
1.2287500000e+04     1.7877511003e-06    2.4649075888e-07    1.5412603415e-06
1.2300000000e+04     1.7914863727e-06    2.4544690084e-07    1.5460394719e-06
1.2312500000e+04     1.7949846239e-06    2.4454325047e-07    1.5504413734e-06
1.2325000000e+04     1.7980890077e-06    2.4379293867e-07    1.5542960690e-06
1.2337500000e+04     1.8006390550e-06    2.4322155857e-07    1.5574174964e-06
1.2350000000e+04     1.8024883870e-06    2.4286147195e-07    1.5596269151e-06
1.2362500000e+04     1.8035137830e-06    2.4274623414e-07    1.5607675489e-06
1.2375000000e+04     1.8036194185e-06    2.4290571461e-07    1.5607137039e-06
1.2387500000e+04     1.8027408638e-06    2.4336142382e-07    1.5593794400e-06
1.2400000000e+04     1.8008475780e-06    2.4412152265e-07    1.5567260554e-06
1.2412500000e+04     1.7979414161e-06    2.4517599668e-07    1.5527654194e-06
1.2425000000e+04     1.7940541345e-06    2.4649357527e-07    1.5475605593e-06
1.2437500000e+04     1.7892497402e-06    2.4802206356e-07    1.5412276766e-06
1.2450000000e+04     1.7836313732e-06    2.4969252004e-07    1.5339388532e-06
1.2462500000e+04     1.7773438824e-06    2.5142594631e-07    1.5259179361e-06
1.2475000000e+04     1.7705642520e-06    2.5314016686e-07    1.5174240851e-06
1.2487500000e+04     1.7634842256e-06    2.5475513503e-07    1.5087290905e-06
1.2500000000e+04     1.7563002128e-06    2.5619658087e-07    1.5001036319e-06
